50 20 1
00011100000000000000000000001100000001110000000000
10111001100000000000000000011000000011011000000000
11011011010100000000000000001001100001011000010000
00011000011000000000000000000111000000111000011010
01000000011011000000000000000010000000000000000110
01000000010010000000000000000000000000000111010001
01101001111110000000000000000000000000000100100001
11100010010000000000000000000000000000000110100000
10010100001000000010000000000000000000000001110000
10000000001000000101000000000000011100000000001000
00000000000000000101000000111000101100000000000111
00000010000000000010000000000000111110000000000000
00001001000101000000001100000000000010100000000000
00000000001101000000010010000000000000000000000000
00000001001101000000010100000000001001011000000000
00001000100011000000011100000000000000000000000000
00000100010000000000000000000000001101010000000011
00000010010000000000000000000000000001000000000011
00000001110000000000000000000000000000000000000000
00001100000000000000000000000000000000010000000000
