Поколение Плотность Количество_клеток
0 0,1 95
1 0,1 32
2 0,1 19
3 0,1 16
4 0,1 16
5 0,1 16
6 0,1 16
7 0,1 16
8 0,1 16
9 0,1 16
10 0,1 16
11 0,1 16
12 0,1 16
13 0,1 16
14 0,1 16
15 0,1 16
16 0,1 16
17 0,1 16
18 0,1 16
19 0,1 16
20 0,1 16
21 0,1 16
22 0,1 16
23 0,1 16
24 0,1 16
25 0,1 16
26 0,1 16
27 0,1 16
28 0,1 16
29 0,1 16
30 0,1 16
31 0,1 16
32 0,1 16
33 0,1 16
34 0,1 16
35 0,1 16
36 0,1 16
37 0,1 16
38 0,1 16
39 0,1 16
40 0,1 16
41 0,1 16
42 0,1 16
43 0,1 16
44 0,1 16
45 0,1 16
46 0,1 16
47 0,1 16
48 0,1 16
49 0,1 16
50 0,1 16
51 0,1 16
52 0,1 16
53 0,1 16
54 0,1 16
55 0,1 16
56 0,1 16
57 0,1 16
58 0,1 16
59 0,1 16
60 0,1 16
61 0,1 16
62 0,1 16
63 0,1 16
64 0,1 16
65 0,1 16
66 0,1 16
67 0,1 16
68 0,1 16
69 0,1 16
70 0,1 16
71 0,1 16
72 0,1 16
73 0,1 16
74 0,1 16
75 0,1 16
76 0,1 16
77 0,1 16
78 0,1 16
79 0,1 16
80 0,1 16
81 0,1 16
82 0,1 16
83 0,1 16
84 0,1 16
85 0,1 16
86 0,1 16
87 0,1 16
88 0,1 16
89 0,1 16
90 0,1 16
91 0,1 16
92 0,1 16
93 0,1 16
94 0,1 16
95 0,1 16
96 0,1 16
97 0,1 16
98 0,1 16
99 0,1 16
100 0,1 16
101 0,1 16
102 0,1 16
103 0,1 16
104 0,1 16
105 0,1 16
106 0,1 16
107 0,1 16
108 0,1 16
109 0,1 16
110 0,1 16
111 0,1 16
112 0,1 16
113 0,1 16
114 0,1 16
115 0,1 16
116 0,1 16
117 0,1 16
118 0,1 16
119 0,1 16
120 0,1 16
121 0,1 16
122 0,1 16
123 0,1 16
124 0,1 16
125 0,1 16
126 0,1 16
127 0,1 16
128 0,1 16
129 0,1 16
130 0,1 16
131 0,1 16
132 0,1 16
133 0,1 16
134 0,1 16
135 0,1 16
136 0,1 16
137 0,1 16
138 0,1 16
139 0,1 16
140 0,1 16
141 0,1 16
142 0,1 16
143 0,1 16
144 0,1 16
145 0,1 16
146 0,1 16
147 0,1 16
148 0,1 16
149 0,1 16
150 0,1 16
151 0,1 16
152 0,1 16
153 0,1 16
154 0,1 16
155 0,1 16
156 0,1 16
157 0,1 16
158 0,1 16
159 0,1 16
160 0,1 16
161 0,1 16
162 0,1 16
163 0,1 16
164 0,1 16
165 0,1 16
166 0,1 16
167 0,1 16
168 0,1 16
169 0,1 16
170 0,1 16
171 0,1 16
172 0,1 16
173 0,1 16
174 0,1 16
175 0,1 16
176 0,1 16
177 0,1 16
178 0,1 16
179 0,1 16
180 0,1 16
181 0,1 16
182 0,1 16
183 0,1 16
184 0,1 16
185 0,1 16
186 0,1 16
187 0,1 16
188 0,1 16
189 0,1 16
190 0,1 16
191 0,1 16
192 0,1 16
193 0,1 16
194 0,1 16
195 0,1 16
196 0,1 16
197 0,1 16
198 0,1 16
199 0,1 16
200 0,1 16
201 0,1 16
202 0,1 16
203 0,1 16
204 0,1 16
205 0,1 16
206 0,1 16
207 0,1 16
208 0,1 16
209 0,1 16
210 0,1 16
211 0,1 16
212 0,1 16
213 0,1 16
214 0,1 16
215 0,1 16
216 0,1 16
217 0,1 16
218 0,1 16
219 0,1 16
220 0,1 16
221 0,1 16
222 0,1 16
223 0,1 16
224 0,1 16
225 0,1 16
226 0,1 16
227 0,1 16
228 0,1 16
229 0,1 16
230 0,1 16
231 0,1 16
232 0,1 16
233 0,1 16
234 0,1 16
235 0,1 16
236 0,1 16
237 0,1 16
238 0,1 16
239 0,1 16
240 0,1 16
241 0,1 16
242 0,1 16
243 0,1 16
244 0,1 16
245 0,1 16
246 0,1 16
247 0,1 16
248 0,1 16
249 0,1 16
250 0,1 16
251 0,1 16
252 0,1 16
253 0,1 16
254 0,1 16
255 0,1 16
256 0,1 16
257 0,1 16
258 0,1 16
259 0,1 16
260 0,1 16
261 0,1 16
262 0,1 16
263 0,1 16
264 0,1 16
265 0,1 16
266 0,1 16
267 0,1 16
268 0,1 16
269 0,1 16
270 0,1 16
271 0,1 16
272 0,1 16
273 0,1 16
274 0,1 16
275 0,1 16
276 0,1 16
277 0,1 16
278 0,1 16
279 0,1 16
280 0,1 16
281 0,1 16
282 0,1 16
283 0,1 16
284 0,1 16
285 0,1 16
286 0,1 16
287 0,1 16
288 0,1 16
289 0,1 16
290 0,1 16
291 0,1 16
292 0,1 16
293 0,1 16
294 0,1 16
295 0,1 16
296 0,1 16
297 0,1 16
298 0,1 16
299 0,1 16
300 0,1 16
301 0,1 16
302 0,1 16
303 0,1 16
304 0,1 16
305 0,1 16
306 0,1 16
307 0,1 16
308 0,1 16
309 0,1 16
310 0,1 16
311 0,1 16
312 0,1 16
313 0,1 16
314 0,1 16
315 0,1 16
316 0,1 16
317 0,1 16
318 0,1 16
319 0,1 16
320 0,1 16
321 0,1 16
322 0,1 16
323 0,1 16
324 0,1 16
325 0,1 16
326 0,1 16
327 0,1 16
328 0,1 16
329 0,1 16
330 0,1 16
331 0,1 16
332 0,1 16
333 0,1 16
334 0,1 16
335 0,1 16
336 0,1 16
337 0,1 16
338 0,1 16
339 0,1 16
340 0,1 16
341 0,1 16
342 0,1 16
343 0,1 16
344 0,1 16
345 0,1 16
346 0,1 16
347 0,1 16
348 0,1 16
349 0,1 16
350 0,1 16
351 0,1 16
352 0,1 16
353 0,1 16
354 0,1 16
355 0,1 16
356 0,1 16
357 0,1 16
358 0,1 16
359 0,1 16
360 0,1 16
361 0,1 16
362 0,1 16
363 0,1 16
364 0,1 16
365 0,1 16
366 0,1 16
367 0,1 16
368 0,1 16
369 0,1 16
370 0,1 16
371 0,1 16
372 0,1 16
373 0,1 16
374 0,1 16
375 0,1 16
376 0,1 16
377 0,1 16
378 0,1 16
379 0,1 16
380 0,1 16
381 0,1 16
382 0,1 16
383 0,1 16
384 0,1 16
385 0,1 16
386 0,1 16
387 0,1 16
388 0,1 16
389 0,1 16
390 0,1 16
391 0,1 16
392 0,1 16
393 0,1 16
394 0,1 16
395 0,1 16
396 0,1 16
397 0,1 16
398 0,1 16
399 0,1 16
400 0,1 16
401 0,1 16
402 0,1 16
403 0,1 16
404 0,1 16
405 0,1 16
406 0,1 16
407 0,1 16
408 0,1 16
409 0,1 16
410 0,1 16
411 0,1 16
412 0,1 16
413 0,1 16
414 0,1 16
415 0,1 16
416 0,1 16
417 0,1 16
418 0,1 16
419 0,1 16
420 0,1 16
421 0,1 16
422 0,1 16
423 0,1 16
424 0,1 16
425 0,1 16
426 0,1 16
427 0,1 16
428 0,1 16
429 0,1 16
430 0,1 16
431 0,1 16
432 0,1 16
433 0,1 16
434 0,1 16
435 0,1 16
436 0,1 16
437 0,1 16
438 0,1 16
439 0,1 16
440 0,1 16
441 0,1 16
442 0,1 16
443 0,1 16
444 0,1 16
445 0,1 16
446 0,1 16
447 0,1 16
448 0,1 16
449 0,1 16
450 0,1 16
451 0,1 16
452 0,1 16
453 0,1 16
454 0,1 16
455 0,1 16
456 0,1 16
457 0,1 16
458 0,1 16
459 0,1 16
460 0,1 16
461 0,1 16
462 0,1 16
463 0,1 16
464 0,1 16
465 0,1 16
466 0,1 16
467 0,1 16
468 0,1 16
469 0,1 16
470 0,1 16
471 0,1 16
472 0,1 16
473 0,1 16
474 0,1 16
475 0,1 16
476 0,1 16
477 0,1 16
478 0,1 16
479 0,1 16
480 0,1 16
481 0,1 16
482 0,1 16
483 0,1 16
484 0,1 16
485 0,1 16
486 0,1 16
487 0,1 16
488 0,1 16
489 0,1 16
490 0,1 16
491 0,1 16
492 0,1 16
493 0,1 16
494 0,1 16
495 0,1 16
496 0,1 16
497 0,1 16
498 0,1 16
499 0,1 16
500 0,1 16
501 0,1 16
502 0,1 16
503 0,1 16
504 0,1 16
505 0,1 16
506 0,1 16
507 0,1 16
508 0,1 16
509 0,1 16
510 0,1 16
511 0,1 16
512 0,1 16
513 0,1 16
514 0,1 16
515 0,1 16
516 0,1 16
517 0,1 16
518 0,1 16
519 0,1 16
520 0,1 16
521 0,1 16
522 0,1 16
523 0,1 16
524 0,1 16
525 0,1 16
526 0,1 16
527 0,1 16
528 0,1 16
529 0,1 16
530 0,1 16
531 0,1 16
532 0,1 16
533 0,1 16
534 0,1 16
535 0,1 16
536 0,1 16
537 0,1 16
538 0,1 16
539 0,1 16
540 0,1 16
541 0,1 16
542 0,1 16
543 0,1 16
544 0,1 16
545 0,1 16
546 0,1 16
547 0,1 16
548 0,1 16
549 0,1 16
550 0,1 16
551 0,1 16
552 0,1 16
553 0,1 16
554 0,1 16
555 0,1 16
556 0,1 16
557 0,1 16
558 0,1 16
559 0,1 16
560 0,1 16
561 0,1 16
562 0,1 16
563 0,1 16
564 0,1 16
565 0,1 16
566 0,1 16
567 0,1 16
568 0,1 16
569 0,1 16
570 0,1 16
571 0,1 16
572 0,1 16
573 0,1 16
574 0,1 16
575 0,1 16
576 0,1 16
577 0,1 16
578 0,1 16
579 0,1 16
580 0,1 16
581 0,1 16
582 0,1 16
583 0,1 16
584 0,1 16
585 0,1 16
586 0,1 16
587 0,1 16
588 0,1 16
589 0,1 16
590 0,1 16
591 0,1 16
592 0,1 16
593 0,1 16
594 0,1 16
595 0,1 16
596 0,1 16
597 0,1 16
598 0,1 16
599 0,1 16
0 0,2 203
1 0,2 189
2 0,2 172
3 0,2 178
4 0,2 173
5 0,2 184
6 0,2 177
7 0,2 186
8 0,2 180
9 0,2 195
10 0,2 175
11 0,2 174
12 0,2 193
13 0,2 198
14 0,2 219
15 0,2 210
16 0,2 215
17 0,2 211
18 0,2 210
19 0,2 219
20 0,2 177
21 0,2 185
22 0,2 189
23 0,2 196
24 0,2 191
25 0,2 193
26 0,2 182
27 0,2 188
28 0,2 176
29 0,2 196
30 0,2 190
31 0,2 192
32 0,2 188
33 0,2 174
34 0,2 198
35 0,2 161
36 0,2 205
37 0,2 173
38 0,2 171
39 0,2 167
40 0,2 172
41 0,2 163
42 0,2 159
43 0,2 164
44 0,2 155
45 0,2 179
46 0,2 159
47 0,2 152
48 0,2 173
49 0,2 163
50 0,2 162
51 0,2 184
52 0,2 171
53 0,2 155
54 0,2 161
55 0,2 144
56 0,2 158
57 0,2 154
58 0,2 171
59 0,2 151
60 0,2 133
61 0,2 131
62 0,2 142
63 0,2 138
64 0,2 120
65 0,2 122
66 0,2 127
67 0,2 127
68 0,2 125
69 0,2 130
70 0,2 139
71 0,2 135
72 0,2 153
73 0,2 151
74 0,2 138
75 0,2 141
76 0,2 121
77 0,2 94
78 0,2 87
79 0,2 95
80 0,2 93
81 0,2 91
82 0,2 80
83 0,2 88
84 0,2 77
85 0,2 84
86 0,2 97
87 0,2 95
88 0,2 83
89 0,2 79
90 0,2 94
91 0,2 89
92 0,2 100
93 0,2 100
94 0,2 112
95 0,2 123
96 0,2 112
97 0,2 120
98 0,2 110
99 0,2 99
100 0,2 99
101 0,2 114
102 0,2 107
103 0,2 106
104 0,2 104
105 0,2 101
106 0,2 90
107 0,2 87
108 0,2 81
109 0,2 79
110 0,2 82
111 0,2 89
112 0,2 87
113 0,2 90
114 0,2 94
115 0,2 96
116 0,2 110
117 0,2 101
118 0,2 122
119 0,2 107
120 0,2 119
121 0,2 119
122 0,2 120
123 0,2 136
124 0,2 130
125 0,2 133
126 0,2 128
127 0,2 132
128 0,2 123
129 0,2 117
130 0,2 129
131 0,2 120
132 0,2 124
133 0,2 132
134 0,2 95
135 0,2 75
136 0,2 88
137 0,2 71
138 0,2 80
139 0,2 71
140 0,2 69
141 0,2 71
142 0,2 73
143 0,2 78
144 0,2 84
145 0,2 84
146 0,2 88
147 0,2 72
148 0,2 89
149 0,2 80
150 0,2 90
151 0,2 98
152 0,2 106
153 0,2 94
154 0,2 109
155 0,2 75
156 0,2 61
157 0,2 62
158 0,2 75
159 0,2 70
160 0,2 81
161 0,2 82
162 0,2 83
163 0,2 88
164 0,2 79
165 0,2 80
166 0,2 76
167 0,2 89
168 0,2 88
169 0,2 81
170 0,2 94
171 0,2 83
172 0,2 74
173 0,2 65
174 0,2 65
175 0,2 65
176 0,2 68
177 0,2 71
178 0,2 58
179 0,2 52
180 0,2 54
181 0,2 56
182 0,2 53
183 0,2 47
184 0,2 42
185 0,2 42
186 0,2 49
187 0,2 40
188 0,2 50
189 0,2 34
190 0,2 28
191 0,2 27
192 0,2 28
193 0,2 25
194 0,2 26
195 0,2 26
196 0,2 23
197 0,2 20
198 0,2 19
199 0,2 19
200 0,2 19
201 0,2 19
202 0,2 19
203 0,2 19
204 0,2 19
205 0,2 19
206 0,2 19
207 0,2 19
208 0,2 19
209 0,2 19
210 0,2 19
211 0,2 19
212 0,2 19
213 0,2 19
214 0,2 19
215 0,2 19
216 0,2 19
217 0,2 19
218 0,2 19
219 0,2 19
220 0,2 19
221 0,2 19
222 0,2 19
223 0,2 19
224 0,2 19
225 0,2 19
226 0,2 19
227 0,2 19
228 0,2 19
229 0,2 19
230 0,2 19
231 0,2 19
232 0,2 19
233 0,2 19
234 0,2 19
235 0,2 19
236 0,2 19
237 0,2 19
238 0,2 19
239 0,2 19
240 0,2 19
241 0,2 19
242 0,2 19
243 0,2 19
244 0,2 19
245 0,2 19
246 0,2 19
247 0,2 20
248 0,2 20
249 0,2 21
250 0,2 21
251 0,2 21
252 0,2 20
253 0,2 22
254 0,2 21
255 0,2 23
256 0,2 22
257 0,2 21
258 0,2 20
259 0,2 21
260 0,2 21
261 0,2 28
262 0,2 23
263 0,2 30
264 0,2 23
265 0,2 24
266 0,2 25
267 0,2 29
268 0,2 27
269 0,2 33
270 0,2 30
271 0,2 30
272 0,2 43
273 0,2 29
274 0,2 26
275 0,2 23
276 0,2 23
277 0,2 23
278 0,2 23
279 0,2 25
280 0,2 24
281 0,2 22
282 0,2 27
283 0,2 26
284 0,2 27
285 0,2 30
286 0,2 32
287 0,2 36
288 0,2 38
289 0,2 35
290 0,2 42
291 0,2 34
292 0,2 32
293 0,2 30
294 0,2 26
295 0,2 29
296 0,2 27
297 0,2 31
298 0,2 28
299 0,2 32
300 0,2 33
301 0,2 39
302 0,2 34
303 0,2 35
304 0,2 41
305 0,2 41
306 0,2 47
307 0,2 41
308 0,2 43
309 0,2 48
310 0,2 47
311 0,2 43
312 0,2 50
313 0,2 48
314 0,2 58
315 0,2 49
316 0,2 58
317 0,2 54
318 0,2 51
319 0,2 60
320 0,2 57
321 0,2 58
322 0,2 68
323 0,2 65
324 0,2 60
325 0,2 63
326 0,2 68
327 0,2 72
328 0,2 64
329 0,2 57
330 0,2 62
331 0,2 68
332 0,2 65
333 0,2 65
334 0,2 76
335 0,2 72
336 0,2 64
337 0,2 66
338 0,2 65
339 0,2 69
340 0,2 63
341 0,2 67
342 0,2 70
343 0,2 56
344 0,2 55
345 0,2 48
346 0,2 47
347 0,2 51
348 0,2 58
349 0,2 53
350 0,2 47
351 0,2 41
352 0,2 40
353 0,2 34
354 0,2 30
355 0,2 25
356 0,2 23
357 0,2 23
358 0,2 23
359 0,2 23
360 0,2 23
361 0,2 23
362 0,2 23
363 0,2 23
364 0,2 23
365 0,2 23
366 0,2 23
367 0,2 23
368 0,2 23
369 0,2 23
370 0,2 23
371 0,2 23
372 0,2 23
373 0,2 23
374 0,2 23
375 0,2 23
376 0,2 23
377 0,2 23
378 0,2 23
379 0,2 23
380 0,2 23
381 0,2 23
382 0,2 23
383 0,2 23
384 0,2 23
385 0,2 23
386 0,2 23
387 0,2 23
388 0,2 23
389 0,2 23
390 0,2 23
391 0,2 23
392 0,2 23
393 0,2 23
394 0,2 23
395 0,2 23
396 0,2 23
397 0,2 23
398 0,2 23
399 0,2 23
400 0,2 23
401 0,2 23
402 0,2 23
403 0,2 23
404 0,2 23
405 0,2 23
406 0,2 23
407 0,2 23
408 0,2 23
409 0,2 23
410 0,2 23
411 0,2 23
412 0,2 23
413 0,2 23
414 0,2 23
415 0,2 23
416 0,2 23
417 0,2 23
418 0,2 23
419 0,2 23
420 0,2 23
421 0,2 23
422 0,2 23
423 0,2 23
424 0,2 23
425 0,2 23
426 0,2 23
427 0,2 23
428 0,2 23
429 0,2 23
430 0,2 23
431 0,2 23
432 0,2 23
433 0,2 23
434 0,2 23
435 0,2 23
436 0,2 23
437 0,2 23
438 0,2 23
439 0,2 23
440 0,2 23
441 0,2 23
442 0,2 23
443 0,2 23
444 0,2 23
445 0,2 23
446 0,2 23
447 0,2 23
448 0,2 23
449 0,2 23
450 0,2 23
451 0,2 23
452 0,2 23
453 0,2 23
454 0,2 23
455 0,2 23
456 0,2 23
457 0,2 23
458 0,2 23
459 0,2 23
460 0,2 23
461 0,2 23
462 0,2 23
463 0,2 23
464 0,2 23
465 0,2 23
466 0,2 23
467 0,2 23
468 0,2 23
469 0,2 23
470 0,2 23
471 0,2 23
472 0,2 23
473 0,2 23
474 0,2 23
475 0,2 23
476 0,2 23
477 0,2 23
478 0,2 23
479 0,2 23
480 0,2 23
481 0,2 23
482 0,2 23
483 0,2 23
484 0,2 23
485 0,2 23
486 0,2 23
487 0,2 23
488 0,2 23
489 0,2 23
490 0,2 23
491 0,2 23
492 0,2 23
493 0,2 23
494 0,2 23
495 0,2 23
496 0,2 23
497 0,2 23
498 0,2 23
499 0,2 23
500 0,2 23
501 0,2 23
502 0,2 23
503 0,2 23
504 0,2 23
505 0,2 23
506 0,2 23
507 0,2 23
508 0,2 23
509 0,2 23
510 0,2 23
511 0,2 23
512 0,2 23
513 0,2 23
514 0,2 23
515 0,2 23
516 0,2 23
517 0,2 23
518 0,2 23
519 0,2 23
520 0,2 23
521 0,2 23
522 0,2 23
523 0,2 23
524 0,2 23
525 0,2 23
526 0,2 23
527 0,2 23
528 0,2 23
529 0,2 23
530 0,2 23
531 0,2 23
532 0,2 23
533 0,2 23
534 0,2 23
535 0,2 23
536 0,2 23
537 0,2 23
538 0,2 23
539 0,2 23
540 0,2 23
541 0,2 23
542 0,2 23
543 0,2 23
544 0,2 23
545 0,2 23
546 0,2 23
547 0,2 23
548 0,2 23
549 0,2 23
550 0,2 23
551 0,2 23
552 0,2 23
553 0,2 23
554 0,2 23
555 0,2 23
556 0,2 23
557 0,2 23
558 0,2 23
559 0,2 23
560 0,2 23
561 0,2 23
562 0,2 23
563 0,2 23
564 0,2 23
565 0,2 23
566 0,2 23
567 0,2 23
568 0,2 23
569 0,2 23
570 0,2 23
571 0,2 23
572 0,2 23
573 0,2 23
574 0,2 23
575 0,2 23
576 0,2 23
577 0,2 23
578 0,2 23
579 0,2 23
580 0,2 23
581 0,2 23
582 0,2 23
583 0,2 23
584 0,2 23
585 0,2 23
586 0,2 23
587 0,2 23
588 0,2 23
589 0,2 23
590 0,2 23
591 0,2 23
592 0,2 23
593 0,2 23
594 0,2 23
595 0,2 23
596 0,2 23
597 0,2 23
598 0,2 23
599 0,2 23
0 0,3 306
1 0,3 415
2 0,3 272
3 0,3 299
4 0,3 291
5 0,3 254
6 0,3 241
7 0,3 201
8 0,3 183
9 0,3 168
10 0,3 160
11 0,3 145
12 0,3 138
13 0,3 140
14 0,3 142
15 0,3 149
16 0,3 160
17 0,3 174
18 0,3 150
19 0,3 157
20 0,3 156
21 0,3 170
22 0,3 147
23 0,3 161
24 0,3 148
25 0,3 153
26 0,3 133
27 0,3 161
28 0,3 116
29 0,3 113
30 0,3 99
31 0,3 96
32 0,3 105
33 0,3 102
34 0,3 100
35 0,3 110
36 0,3 119
37 0,3 109
38 0,3 105
39 0,3 105
40 0,3 101
41 0,3 116
42 0,3 101
43 0,3 106
44 0,3 93
45 0,3 98
46 0,3 86
47 0,3 93
48 0,3 92
49 0,3 91
50 0,3 83
51 0,3 82
52 0,3 68
53 0,3 68
54 0,3 68
55 0,3 80
56 0,3 69
57 0,3 76
58 0,3 69
59 0,3 72
60 0,3 62
61 0,3 72
62 0,3 62
63 0,3 69
64 0,3 69
65 0,3 73
66 0,3 79
67 0,3 83
68 0,3 74
69 0,3 76
70 0,3 71
71 0,3 75
72 0,3 72
73 0,3 89
74 0,3 81
75 0,3 86
76 0,3 89
77 0,3 92
78 0,3 83
79 0,3 99
80 0,3 91
81 0,3 108
82 0,3 67
83 0,3 77
84 0,3 84
85 0,3 81
86 0,3 77
87 0,3 76
88 0,3 81
89 0,3 74
90 0,3 77
91 0,3 79
92 0,3 88
93 0,3 91
94 0,3 80
95 0,3 82
96 0,3 82
97 0,3 74
98 0,3 83
99 0,3 73
100 0,3 72
101 0,3 91
102 0,3 69
103 0,3 74
104 0,3 69
105 0,3 63
106 0,3 60
107 0,3 62
108 0,3 67
109 0,3 63
110 0,3 67
111 0,3 72
112 0,3 78
113 0,3 64
114 0,3 63
115 0,3 59
116 0,3 58
117 0,3 58
118 0,3 53
119 0,3 60
120 0,3 55
121 0,3 57
122 0,3 56
123 0,3 59
124 0,3 60
125 0,3 65
126 0,3 68
127 0,3 76
128 0,3 69
129 0,3 75
130 0,3 67
131 0,3 69
132 0,3 66
133 0,3 65
134 0,3 60
135 0,3 55
136 0,3 55
137 0,3 52
138 0,3 49
139 0,3 48
140 0,3 48
141 0,3 46
142 0,3 44
143 0,3 47
144 0,3 44
145 0,3 47
146 0,3 43
147 0,3 44
148 0,3 43
149 0,3 45
150 0,3 50
151 0,3 50
152 0,3 53
153 0,3 54
154 0,3 51
155 0,3 50
156 0,3 52
157 0,3 52
158 0,3 49
159 0,3 44
160 0,3 42
161 0,3 40
162 0,3 39
163 0,3 40
164 0,3 40
165 0,3 42
166 0,3 46
167 0,3 44
168 0,3 54
169 0,3 48
170 0,3 64
171 0,3 56
172 0,3 72
173 0,3 64
174 0,3 74
175 0,3 75
176 0,3 89
177 0,3 57
178 0,3 54
179 0,3 53
180 0,3 52
181 0,3 54
182 0,3 53
183 0,3 58
184 0,3 53
185 0,3 57
186 0,3 58
187 0,3 66
188 0,3 53
189 0,3 56
190 0,3 51
191 0,3 53
192 0,3 52
193 0,3 50
194 0,3 52
195 0,3 52
196 0,3 52
197 0,3 52
198 0,3 52
199 0,3 52
200 0,3 52
201 0,3 52
202 0,3 52
203 0,3 52
204 0,3 52
205 0,3 52
206 0,3 52
207 0,3 52
208 0,3 52
209 0,3 52
210 0,3 52
211 0,3 52
212 0,3 52
213 0,3 52
214 0,3 52
215 0,3 52
216 0,3 52
217 0,3 52
218 0,3 52
219 0,3 52
220 0,3 52
221 0,3 52
222 0,3 52
223 0,3 52
224 0,3 52
225 0,3 52
226 0,3 52
227 0,3 52
228 0,3 52
229 0,3 52
230 0,3 52
231 0,3 52
232 0,3 52
233 0,3 52
234 0,3 52
235 0,3 52
236 0,3 52
237 0,3 52
238 0,3 52
239 0,3 52
240 0,3 52
241 0,3 52
242 0,3 52
243 0,3 52
244 0,3 52
245 0,3 52
246 0,3 52
247 0,3 52
248 0,3 52
249 0,3 52
250 0,3 52
251 0,3 52
252 0,3 52
253 0,3 52
254 0,3 52
255 0,3 52
256 0,3 52
257 0,3 52
258 0,3 52
259 0,3 52
260 0,3 52
261 0,3 52
262 0,3 52
263 0,3 52
264 0,3 52
265 0,3 52
266 0,3 52
267 0,3 52
268 0,3 52
269 0,3 52
270 0,3 52
271 0,3 52
272 0,3 52
273 0,3 52
274 0,3 52
275 0,3 52
276 0,3 52
277 0,3 52
278 0,3 52
279 0,3 52
280 0,3 52
281 0,3 52
282 0,3 52
283 0,3 52
284 0,3 52
285 0,3 52
286 0,3 52
287 0,3 52
288 0,3 52
289 0,3 52
290 0,3 52
291 0,3 52
292 0,3 52
293 0,3 52
294 0,3 52
295 0,3 52
296 0,3 52
297 0,3 52
298 0,3 52
299 0,3 52
300 0,3 52
301 0,3 52
302 0,3 52
303 0,3 52
304 0,3 52
305 0,3 52
306 0,3 52
307 0,3 52
308 0,3 52
309 0,3 52
310 0,3 52
311 0,3 52
312 0,3 52
313 0,3 52
314 0,3 52
315 0,3 52
316 0,3 52
317 0,3 52
318 0,3 52
319 0,3 52
320 0,3 52
321 0,3 52
322 0,3 52
323 0,3 52
324 0,3 52
325 0,3 52
326 0,3 52
327 0,3 52
328 0,3 52
329 0,3 52
330 0,3 52
331 0,3 52
332 0,3 52
333 0,3 52
334 0,3 52
335 0,3 52
336 0,3 52
337 0,3 52
338 0,3 52
339 0,3 52
340 0,3 52
341 0,3 52
342 0,3 52
343 0,3 52
344 0,3 52
345 0,3 52
346 0,3 52
347 0,3 52
348 0,3 52
349 0,3 52
350 0,3 52
351 0,3 52
352 0,3 52
353 0,3 52
354 0,3 52
355 0,3 52
356 0,3 52
357 0,3 52
358 0,3 52
359 0,3 52
360 0,3 52
361 0,3 52
362 0,3 52
363 0,3 52
364 0,3 52
365 0,3 52
366 0,3 52
367 0,3 52
368 0,3 52
369 0,3 52
370 0,3 52
371 0,3 52
372 0,3 52
373 0,3 52
374 0,3 52
375 0,3 52
376 0,3 52
377 0,3 52
378 0,3 52
379 0,3 52
380 0,3 52
381 0,3 52
382 0,3 52
383 0,3 52
384 0,3 52
385 0,3 52
386 0,3 52
387 0,3 52
388 0,3 52
389 0,3 52
390 0,3 52
391 0,3 52
392 0,3 52
393 0,3 52
394 0,3 52
395 0,3 52
396 0,3 52
397 0,3 52
398 0,3 52
399 0,3 52
400 0,3 52
401 0,3 52
402 0,3 52
403 0,3 52
404 0,3 52
405 0,3 52
406 0,3 52
407 0,3 52
408 0,3 52
409 0,3 52
410 0,3 52
411 0,3 52
412 0,3 52
413 0,3 52
414 0,3 52
415 0,3 52
416 0,3 52
417 0,3 52
418 0,3 52
419 0,3 52
420 0,3 52
421 0,3 52
422 0,3 52
423 0,3 52
424 0,3 52
425 0,3 52
426 0,3 52
427 0,3 52
428 0,3 52
429 0,3 52
430 0,3 52
431 0,3 52
432 0,3 52
433 0,3 52
434 0,3 52
435 0,3 52
436 0,3 52
437 0,3 52
438 0,3 52
439 0,3 52
440 0,3 52
441 0,3 52
442 0,3 52
443 0,3 52
444 0,3 52
445 0,3 52
446 0,3 52
447 0,3 52
448 0,3 52
449 0,3 52
450 0,3 52
451 0,3 52
452 0,3 52
453 0,3 52
454 0,3 52
455 0,3 52
456 0,3 52
457 0,3 52
458 0,3 52
459 0,3 52
460 0,3 52
461 0,3 52
462 0,3 52
463 0,3 52
464 0,3 52
465 0,3 52
466 0,3 52
467 0,3 52
468 0,3 52
469 0,3 52
470 0,3 52
471 0,3 52
472 0,3 52
473 0,3 52
474 0,3 52
475 0,3 52
476 0,3 52
477 0,3 52
478 0,3 52
479 0,3 52
480 0,3 52
481 0,3 52
482 0,3 52
483 0,3 52
484 0,3 52
485 0,3 52
486 0,3 52
487 0,3 52
488 0,3 52
489 0,3 52
490 0,3 52
491 0,3 52
492 0,3 52
493 0,3 52
494 0,3 52
495 0,3 52
496 0,3 52
497 0,3 52
498 0,3 52
499 0,3 52
500 0,3 52
501 0,3 52
502 0,3 52
503 0,3 52
504 0,3 52
505 0,3 52
506 0,3 52
507 0,3 52
508 0,3 52
509 0,3 52
510 0,3 52
511 0,3 52
512 0,3 52
513 0,3 52
514 0,3 52
515 0,3 52
516 0,3 52
517 0,3 52
518 0,3 52
519 0,3 52
520 0,3 52
521 0,3 52
522 0,3 52
523 0,3 52
524 0,3 52
525 0,3 52
526 0,3 52
527 0,3 52
528 0,3 52
529 0,3 52
530 0,3 52
531 0,3 52
532 0,3 52
533 0,3 52
534 0,3 52
535 0,3 52
536 0,3 52
537 0,3 52
538 0,3 52
539 0,3 52
540 0,3 52
541 0,3 52
542 0,3 52
543 0,3 52
544 0,3 52
545 0,3 52
546 0,3 52
547 0,3 52
548 0,3 52
549 0,3 52
550 0,3 52
551 0,3 52
552 0,3 52
553 0,3 52
554 0,3 52
555 0,3 52
556 0,3 52
557 0,3 52
558 0,3 52
559 0,3 52
560 0,3 52
561 0,3 52
562 0,3 52
563 0,3 52
564 0,3 52
565 0,3 52
566 0,3 52
567 0,3 52
568 0,3 52
569 0,3 52
570 0,3 52
571 0,3 52
572 0,3 52
573 0,3 52
574 0,3 52
575 0,3 52
576 0,3 52
577 0,3 52
578 0,3 52
579 0,3 52
580 0,3 52
581 0,3 52
582 0,3 52
583 0,3 52
584 0,3 52
585 0,3 52
586 0,3 52
587 0,3 52
588 0,3 52
589 0,3 52
590 0,3 52
591 0,3 52
592 0,3 52
593 0,3 52
594 0,3 52
595 0,3 52
596 0,3 52
597 0,3 52
598 0,3 52
599 0,3 52
0 0,4 386
1 0,4 350
2 0,4 378
3 0,4 326
4 0,4 317
5 0,4 290
6 0,4 283
7 0,4 316
8 0,4 291
9 0,4 258
10 0,4 255
11 0,4 259
12 0,4 262
13 0,4 254
14 0,4 259
15 0,4 255
16 0,4 246
17 0,4 234
18 0,4 237
19 0,4 219
20 0,4 230
21 0,4 217
22 0,4 221
23 0,4 234
24 0,4 216
25 0,4 183
26 0,4 193
27 0,4 190
28 0,4 191
29 0,4 175
30 0,4 181
31 0,4 174
32 0,4 190
33 0,4 195
34 0,4 188
35 0,4 209
36 0,4 200
37 0,4 195
38 0,4 181
39 0,4 181
40 0,4 193
41 0,4 190
42 0,4 172
43 0,4 176
44 0,4 167
45 0,4 165
46 0,4 139
47 0,4 142
48 0,4 135
49 0,4 142
50 0,4 149
51 0,4 156
52 0,4 164
53 0,4 159
54 0,4 169
55 0,4 168
56 0,4 138
57 0,4 147
58 0,4 140
59 0,4 134
60 0,4 127
61 0,4 136
62 0,4 121
63 0,4 121
64 0,4 114
65 0,4 132
66 0,4 113
67 0,4 120
68 0,4 110
69 0,4 127
70 0,4 112
71 0,4 127
72 0,4 115
73 0,4 124
74 0,4 127
75 0,4 138
76 0,4 150
77 0,4 135
78 0,4 151
79 0,4 126
80 0,4 131
81 0,4 124
82 0,4 133
83 0,4 125
84 0,4 124
85 0,4 121
86 0,4 125
87 0,4 140
88 0,4 146
89 0,4 134
90 0,4 135
91 0,4 148
92 0,4 160
93 0,4 160
94 0,4 139
95 0,4 148
96 0,4 140
97 0,4 132
98 0,4 128
99 0,4 145
100 0,4 131
101 0,4 125
102 0,4 116
103 0,4 116
104 0,4 140
105 0,4 110
106 0,4 110
107 0,4 111
108 0,4 122
109 0,4 124
110 0,4 117
111 0,4 118
112 0,4 136
113 0,4 123
114 0,4 108
115 0,4 116
116 0,4 119
117 0,4 125
118 0,4 142
119 0,4 125
120 0,4 125
121 0,4 120
122 0,4 123
123 0,4 115
124 0,4 113
125 0,4 104
126 0,4 117
127 0,4 107
128 0,4 107
129 0,4 112
130 0,4 103
131 0,4 99
132 0,4 108
133 0,4 97
134 0,4 105
135 0,4 120
136 0,4 118
137 0,4 110
138 0,4 132
139 0,4 112
140 0,4 112
141 0,4 110
142 0,4 112
143 0,4 100
144 0,4 110
145 0,4 111
146 0,4 109
147 0,4 117
148 0,4 106
149 0,4 106
150 0,4 103
151 0,4 100
152 0,4 94
153 0,4 110
154 0,4 89
155 0,4 102
156 0,4 88
157 0,4 101
158 0,4 106
159 0,4 104
160 0,4 119
161 0,4 108
162 0,4 110
163 0,4 106
164 0,4 102
165 0,4 117
166 0,4 103
167 0,4 107
168 0,4 105
169 0,4 99
170 0,4 93
171 0,4 104
172 0,4 84
173 0,4 81
174 0,4 85
175 0,4 85
176 0,4 86
177 0,4 98
178 0,4 101
179 0,4 98
180 0,4 102
181 0,4 93
182 0,4 98
183 0,4 109
184 0,4 98
185 0,4 106
186 0,4 95
187 0,4 92
188 0,4 102
189 0,4 91
190 0,4 105
191 0,4 88
192 0,4 103
193 0,4 83
194 0,4 95
195 0,4 68
196 0,4 65
197 0,4 72
198 0,4 62
199 0,4 66
200 0,4 67
201 0,4 67
202 0,4 71
203 0,4 67
204 0,4 72
205 0,4 71
206 0,4 75
207 0,4 67
208 0,4 61
209 0,4 67
210 0,4 66
211 0,4 64
212 0,4 70
213 0,4 68
214 0,4 75
215 0,4 78
216 0,4 68
217 0,4 75
218 0,4 66
219 0,4 70
220 0,4 71
221 0,4 76
222 0,4 86
223 0,4 78
224 0,4 87
225 0,4 81
226 0,4 104
227 0,4 107
228 0,4 114
229 0,4 110
230 0,4 122
231 0,4 132
232 0,4 142
233 0,4 108
234 0,4 99
235 0,4 106
236 0,4 86
237 0,4 74
238 0,4 76
239 0,4 84
240 0,4 71
241 0,4 75
242 0,4 80
243 0,4 73
244 0,4 68
245 0,4 65
246 0,4 66
247 0,4 77
248 0,4 73
249 0,4 81
250 0,4 80
251 0,4 70
252 0,4 73
253 0,4 66
254 0,4 73
255 0,4 72
256 0,4 71
257 0,4 76
258 0,4 86
259 0,4 77
260 0,4 78
261 0,4 74
262 0,4 82
263 0,4 75
264 0,4 86
265 0,4 91
266 0,4 110
267 0,4 98
268 0,4 103
269 0,4 109
270 0,4 126
271 0,4 103
272 0,4 95
273 0,4 104
274 0,4 106
275 0,4 85
276 0,4 89
277 0,4 95
278 0,4 88
279 0,4 90
280 0,4 84
281 0,4 77
282 0,4 82
283 0,4 59
284 0,4 54
285 0,4 55
286 0,4 52
287 0,4 51
288 0,4 48
289 0,4 51
290 0,4 45
291 0,4 48
292 0,4 47
293 0,4 52
294 0,4 50
295 0,4 46
296 0,4 54
297 0,4 48
298 0,4 61
299 0,4 52
300 0,4 52
301 0,4 64
302 0,4 69
303 0,4 68
304 0,4 53
305 0,4 53
306 0,4 52
307 0,4 53
308 0,4 57
309 0,4 58
310 0,4 65
311 0,4 62
312 0,4 64
313 0,4 70
314 0,4 64
315 0,4 68
316 0,4 70
317 0,4 70
318 0,4 75
319 0,4 67
320 0,4 68
321 0,4 59
322 0,4 68
323 0,4 60
324 0,4 60
325 0,4 56
326 0,4 61
327 0,4 62
328 0,4 65
329 0,4 71
330 0,4 71
331 0,4 70
332 0,4 70
333 0,4 66
334 0,4 85
335 0,4 66
336 0,4 68
337 0,4 65
338 0,4 69
339 0,4 55
340 0,4 52
341 0,4 54
342 0,4 52
343 0,4 51
344 0,4 49
345 0,4 49
346 0,4 49
347 0,4 49
348 0,4 49
349 0,4 49
350 0,4 49
351 0,4 49
352 0,4 49
353 0,4 49
354 0,4 49
355 0,4 49
356 0,4 49
357 0,4 49
358 0,4 49
359 0,4 49
360 0,4 49
361 0,4 49
362 0,4 49
363 0,4 49
364 0,4 49
365 0,4 49
366 0,4 49
367 0,4 50
368 0,4 50
369 0,4 53
370 0,4 52
371 0,4 60
372 0,4 51
373 0,4 57
374 0,4 52
375 0,4 54
376 0,4 54
377 0,4 49
378 0,4 49
379 0,4 50
380 0,4 50
381 0,4 51
382 0,4 53
383 0,4 50
384 0,4 51
385 0,4 53
386 0,4 55
387 0,4 52
388 0,4 49
389 0,4 49
390 0,4 50
391 0,4 49
392 0,4 49
393 0,4 49
394 0,4 52
395 0,4 50
396 0,4 58
397 0,4 48
398 0,4 44
399 0,4 47
400 0,4 46
401 0,4 47
402 0,4 50
403 0,4 49
404 0,4 56
405 0,4 49
406 0,4 49
407 0,4 48
408 0,4 51
409 0,4 54
410 0,4 57
411 0,4 57
412 0,4 61
413 0,4 63
414 0,4 73
415 0,4 63
416 0,4 71
417 0,4 67
418 0,4 78
419 0,4 74
420 0,4 81
421 0,4 86
422 0,4 91
423 0,4 85
424 0,4 83
425 0,4 84
426 0,4 94
427 0,4 98
428 0,4 96
429 0,4 96
430 0,4 107
431 0,4 86
432 0,4 97
433 0,4 90
434 0,4 91
435 0,4 88
436 0,4 90
437 0,4 100
438 0,4 94
439 0,4 94
440 0,4 83
441 0,4 96
442 0,4 89
443 0,4 102
444 0,4 93
445 0,4 87
446 0,4 101
447 0,4 94
448 0,4 104
449 0,4 95
450 0,4 88
451 0,4 102
452 0,4 75
453 0,4 85
454 0,4 84
455 0,4 80
456 0,4 87
457 0,4 83
458 0,4 98
459 0,4 87
460 0,4 95
461 0,4 101
462 0,4 100
463 0,4 107
464 0,4 119
465 0,4 116
466 0,4 112
467 0,4 120
468 0,4 119
469 0,4 118
470 0,4 126
471 0,4 131
472 0,4 132
473 0,4 113
474 0,4 118
475 0,4 106
476 0,4 110
477 0,4 93
478 0,4 98
479 0,4 89
480 0,4 95
481 0,4 93
482 0,4 103
483 0,4 101
484 0,4 98
485 0,4 105
486 0,4 113
487 0,4 105
488 0,4 96
489 0,4 106
490 0,4 97
491 0,4 104
492 0,4 107
493 0,4 110
494 0,4 125
495 0,4 116
496 0,4 127
497 0,4 125
498 0,4 128
499 0,4 129
500 0,4 118
501 0,4 114
502 0,4 121
503 0,4 105
504 0,4 106
505 0,4 83
506 0,4 96
507 0,4 89
508 0,4 107
509 0,4 98
510 0,4 120
511 0,4 114
512 0,4 140
513 0,4 114
514 0,4 116
515 0,4 111
516 0,4 105
517 0,4 115
518 0,4 102
519 0,4 110
520 0,4 99
521 0,4 116
522 0,4 116
523 0,4 130
524 0,4 119
525 0,4 113
526 0,4 124
527 0,4 105
528 0,4 114
529 0,4 91
530 0,4 91
531 0,4 95
532 0,4 100
533 0,4 89
534 0,4 96
535 0,4 88
536 0,4 82
537 0,4 89
538 0,4 80
539 0,4 92
540 0,4 72
541 0,4 75
542 0,4 66
543 0,4 67
544 0,4 62
545 0,4 60
546 0,4 63
547 0,4 62
548 0,4 74
549 0,4 66
550 0,4 73
551 0,4 79
552 0,4 76
553 0,4 81
554 0,4 79
555 0,4 86
556 0,4 87
557 0,4 84
558 0,4 93
559 0,4 88
560 0,4 80
561 0,4 74
562 0,4 67
563 0,4 67
564 0,4 70
565 0,4 73
566 0,4 83
567 0,4 82
568 0,4 86
569 0,4 79
570 0,4 70
571 0,4 70
572 0,4 68
573 0,4 74
574 0,4 71
575 0,4 77
576 0,4 75
577 0,4 70
578 0,4 78
579 0,4 69
580 0,4 79
581 0,4 70
582 0,4 71
583 0,4 76
584 0,4 72
585 0,4 76
586 0,4 70
587 0,4 75
588 0,4 72
589 0,4 76
590 0,4 73
591 0,4 74
592 0,4 76
593 0,4 74
594 0,4 68
595 0,4 70
596 0,4 62
597 0,4 55
598 0,4 50
599 0,4 48
0 0,5 508
1 0,5 258
2 0,5 254
3 0,5 246
4 0,5 261
5 0,5 246
6 0,5 230
7 0,5 226
8 0,5 250
9 0,5 210
10 0,5 204
11 0,5 200
12 0,5 173
13 0,5 189
14 0,5 160
15 0,5 190
16 0,5 170
17 0,5 192
18 0,5 192
19 0,5 179
20 0,5 192
21 0,5 167
22 0,5 176
23 0,5 166
24 0,5 165
25 0,5 167
26 0,5 161
27 0,5 153
28 0,5 160
29 0,5 161
30 0,5 191
31 0,5 180
32 0,5 164
33 0,5 171
34 0,5 141
35 0,5 150
36 0,5 129
37 0,5 148
38 0,5 152
39 0,5 154
40 0,5 158
41 0,5 152
42 0,5 137
43 0,5 131
44 0,5 136
45 0,5 149
46 0,5 143
47 0,5 158
48 0,5 152
49 0,5 162
50 0,5 163
51 0,5 181
52 0,5 157
53 0,5 147
54 0,5 152
55 0,5 142
56 0,5 130
57 0,5 136
58 0,5 126
59 0,5 130
60 0,5 122
61 0,5 115
62 0,5 111
63 0,5 108
64 0,5 109
65 0,5 120
66 0,5 117
67 0,5 112
68 0,5 128
69 0,5 107
70 0,5 141
71 0,5 112
72 0,5 133
73 0,5 120
74 0,5 133
75 0,5 114
76 0,5 119
77 0,5 129
78 0,5 106
79 0,5 106
80 0,5 113
81 0,5 99
82 0,5 122
83 0,5 99
84 0,5 114
85 0,5 108
86 0,5 119
87 0,5 124
88 0,5 112
89 0,5 112
90 0,5 113
91 0,5 115
92 0,5 118
93 0,5 126
94 0,5 132
95 0,5 136
96 0,5 131
97 0,5 118
98 0,5 120
99 0,5 115
100 0,5 116
101 0,5 118
102 0,5 112
103 0,5 114
104 0,5 131
105 0,5 124
106 0,5 148
107 0,5 136
108 0,5 167
109 0,5 145
110 0,5 136
111 0,5 149
112 0,5 157
113 0,5 185
114 0,5 146
115 0,5 151
116 0,5 150
117 0,5 126
118 0,5 124
119 0,5 105
120 0,5 117
121 0,5 100
122 0,5 99
123 0,5 105
124 0,5 105
125 0,5 94
126 0,5 89
127 0,5 91
128 0,5 94
129 0,5 97
130 0,5 93
131 0,5 95
132 0,5 91
133 0,5 83
134 0,5 87
135 0,5 106
136 0,5 107
137 0,5 124
138 0,5 98
139 0,5 93
140 0,5 95
141 0,5 100
142 0,5 100
143 0,5 101
144 0,5 99
145 0,5 110
146 0,5 111
147 0,5 128
148 0,5 114
149 0,5 129
150 0,5 131
151 0,5 135
152 0,5 123
153 0,5 120
154 0,5 118
155 0,5 129
156 0,5 138
157 0,5 150
158 0,5 130
159 0,5 127
160 0,5 108
161 0,5 105
162 0,5 106
163 0,5 105
164 0,5 110
165 0,5 125
166 0,5 121
167 0,5 131
168 0,5 128
169 0,5 111
170 0,5 118
171 0,5 102
172 0,5 106
173 0,5 99
174 0,5 112
175 0,5 112
176 0,5 131
177 0,5 105
178 0,5 126
179 0,5 112
180 0,5 127
181 0,5 125
182 0,5 127
183 0,5 134
184 0,5 136
185 0,5 139
186 0,5 149
187 0,5 153
188 0,5 149
189 0,5 155
190 0,5 154
191 0,5 141
192 0,5 149
193 0,5 136
194 0,5 129
195 0,5 128
196 0,5 129
197 0,5 138
198 0,5 147
199 0,5 142
200 0,5 142
201 0,5 134
202 0,5 148
203 0,5 135
204 0,5 131
205 0,5 134
206 0,5 154
207 0,5 138
208 0,5 150
209 0,5 147
210 0,5 152
211 0,5 142
212 0,5 128
213 0,5 120
214 0,5 125
215 0,5 129
216 0,5 112
217 0,5 107
218 0,5 107
219 0,5 92
220 0,5 105
221 0,5 90
222 0,5 95
223 0,5 94
224 0,5 79
225 0,5 79
226 0,5 73
227 0,5 71
228 0,5 77
229 0,5 78
230 0,5 87
231 0,5 83
232 0,5 78
233 0,5 91
234 0,5 82
235 0,5 80
236 0,5 75
237 0,5 84
238 0,5 83
239 0,5 86
240 0,5 88
241 0,5 87
242 0,5 80
243 0,5 75
244 0,5 71
245 0,5 70
246 0,5 73
247 0,5 81
248 0,5 81
249 0,5 68
250 0,5 64
251 0,5 74
252 0,5 65
253 0,5 71
254 0,5 64
255 0,5 65
256 0,5 64
257 0,5 73
258 0,5 69
259 0,5 88
260 0,5 71
261 0,5 74
262 0,5 76
263 0,5 65
264 0,5 71
265 0,5 74
266 0,5 85
267 0,5 82
268 0,5 80
269 0,5 79
270 0,5 72
271 0,5 73
272 0,5 76
273 0,5 73
274 0,5 70
275 0,5 72
276 0,5 68
277 0,5 73
278 0,5 72
279 0,5 66
280 0,5 67
281 0,5 68
282 0,5 75
283 0,5 75
284 0,5 87
285 0,5 91
286 0,5 69
287 0,5 81
288 0,5 66
289 0,5 74
290 0,5 55
291 0,5 58
292 0,5 55
293 0,5 55
294 0,5 52
295 0,5 46
296 0,5 49
297 0,5 50
298 0,5 48
299 0,5 47
300 0,5 43
301 0,5 52
302 0,5 43
303 0,5 45
304 0,5 46
305 0,5 48
306 0,5 48
307 0,5 54
308 0,5 41
309 0,5 41
310 0,5 37
311 0,5 36
312 0,5 41
313 0,5 31
314 0,5 24
315 0,5 26
316 0,5 26
317 0,5 26
318 0,5 26
319 0,5 26
320 0,5 26
321 0,5 26
322 0,5 26
323 0,5 26
324 0,5 26
325 0,5 26
326 0,5 26
327 0,5 26
328 0,5 26
329 0,5 26
330 0,5 26
331 0,5 26
332 0,5 26
333 0,5 26
334 0,5 26
335 0,5 26
336 0,5 26
337 0,5 26
338 0,5 26
339 0,5 26
340 0,5 26
341 0,5 26
342 0,5 26
343 0,5 26
344 0,5 26
345 0,5 26
346 0,5 26
347 0,5 26
348 0,5 26
349 0,5 26
350 0,5 26
351 0,5 26
352 0,5 26
353 0,5 26
354 0,5 26
355 0,5 26
356 0,5 26
357 0,5 26
358 0,5 26
359 0,5 26
360 0,5 26
361 0,5 26
362 0,5 26
363 0,5 26
364 0,5 26
365 0,5 26
366 0,5 26
367 0,5 26
368 0,5 26
369 0,5 26
370 0,5 26
371 0,5 26
372 0,5 26
373 0,5 26
374 0,5 26
375 0,5 26
376 0,5 26
377 0,5 26
378 0,5 26
379 0,5 26
380 0,5 26
381 0,5 26
382 0,5 26
383 0,5 26
384 0,5 26
385 0,5 26
386 0,5 26
387 0,5 26
388 0,5 26
389 0,5 26
390 0,5 26
391 0,5 26
392 0,5 26
393 0,5 26
394 0,5 26
395 0,5 26
396 0,5 26
397 0,5 26
398 0,5 26
399 0,5 26
400 0,5 26
401 0,5 26
402 0,5 26
403 0,5 26
404 0,5 26
405 0,5 26
406 0,5 26
407 0,5 26
408 0,5 26
409 0,5 26
410 0,5 26
411 0,5 26
412 0,5 26
413 0,5 26
414 0,5 26
415 0,5 26
416 0,5 26
417 0,5 26
418 0,5 26
419 0,5 26
420 0,5 26
421 0,5 26
422 0,5 26
423 0,5 26
424 0,5 26
425 0,5 26
426 0,5 26
427 0,5 26
428 0,5 26
429 0,5 26
430 0,5 26
431 0,5 26
432 0,5 26
433 0,5 26
434 0,5 26
435 0,5 26
436 0,5 26
437 0,5 26
438 0,5 26
439 0,5 26
440 0,5 26
441 0,5 26
442 0,5 26
443 0,5 26
444 0,5 26
445 0,5 26
446 0,5 26
447 0,5 26
448 0,5 26
449 0,5 26
450 0,5 26
451 0,5 26
452 0,5 26
453 0,5 26
454 0,5 26
455 0,5 26
456 0,5 26
457 0,5 26
458 0,5 26
459 0,5 26
460 0,5 26
461 0,5 26
462 0,5 26
463 0,5 26
464 0,5 26
465 0,5 26
466 0,5 26
467 0,5 26
468 0,5 26
469 0,5 26
470 0,5 26
471 0,5 26
472 0,5 26
473 0,5 26
474 0,5 26
475 0,5 26
476 0,5 26
477 0,5 26
478 0,5 26
479 0,5 26
480 0,5 26
481 0,5 26
482 0,5 26
483 0,5 26
484 0,5 26
485 0,5 26
486 0,5 26
487 0,5 26
488 0,5 26
489 0,5 26
490 0,5 26
491 0,5 26
492 0,5 26
493 0,5 26
494 0,5 26
495 0,5 26
496 0,5 26
497 0,5 26
498 0,5 26
499 0,5 26
500 0,5 26
501 0,5 26
502 0,5 26
503 0,5 26
504 0,5 26
505 0,5 26
506 0,5 26
507 0,5 26
508 0,5 26
509 0,5 26
510 0,5 26
511 0,5 26
512 0,5 26
513 0,5 26
514 0,5 26
515 0,5 26
516 0,5 26
517 0,5 26
518 0,5 26
519 0,5 26
520 0,5 26
521 0,5 26
522 0,5 26
523 0,5 26
524 0,5 26
525 0,5 26
526 0,5 26
527 0,5 26
528 0,5 26
529 0,5 26
530 0,5 26
531 0,5 26
532 0,5 26
533 0,5 26
534 0,5 26
535 0,5 26
536 0,5 26
537 0,5 26
538 0,5 26
539 0,5 26
540 0,5 26
541 0,5 26
542 0,5 26
543 0,5 26
544 0,5 26
545 0,5 26
546 0,5 26
547 0,5 26
548 0,5 26
549 0,5 26
550 0,5 26
551 0,5 26
552 0,5 26
553 0,5 26
554 0,5 26
555 0,5 26
556 0,5 26
557 0,5 26
558 0,5 26
559 0,5 26
560 0,5 26
561 0,5 26
562 0,5 26
563 0,5 26
564 0,5 26
565 0,5 26
566 0,5 26
567 0,5 26
568 0,5 26
569 0,5 26
570 0,5 26
571 0,5 26
572 0,5 26
573 0,5 26
574 0,5 26
575 0,5 26
576 0,5 26
577 0,5 26
578 0,5 26
579 0,5 26
580 0,5 26
581 0,5 26
582 0,5 26
583 0,5 26
584 0,5 26
585 0,5 26
586 0,5 26
587 0,5 26
588 0,5 26
589 0,5 26
590 0,5 26
591 0,5 26
592 0,5 26
593 0,5 26
594 0,5 26
595 0,5 26
596 0,5 26
597 0,5 26
598 0,5 26
599 0,5 26
0 0,6 605
1 0,6 139
2 0,6 133
3 0,6 123
4 0,6 139
5 0,6 121
6 0,6 117
7 0,6 116
8 0,6 129
9 0,6 140
10 0,6 149
11 0,6 160
12 0,6 140
13 0,6 135
14 0,6 138
15 0,6 144
16 0,6 159
17 0,6 154
18 0,6 157
19 0,6 172
20 0,6 160
21 0,6 135
22 0,6 127
23 0,6 134
24 0,6 128
25 0,6 143
26 0,6 152
27 0,6 150
28 0,6 154
29 0,6 168
30 0,6 162
31 0,6 193
32 0,6 183
33 0,6 198
34 0,6 182
35 0,6 181
36 0,6 166
37 0,6 171
38 0,6 160
39 0,6 153
40 0,6 149
41 0,6 146
42 0,6 138
43 0,6 125
44 0,6 116
45 0,6 109
46 0,6 129
47 0,6 104
48 0,6 109
49 0,6 99
50 0,6 108
51 0,6 88
52 0,6 79
53 0,6 79
54 0,6 92
55 0,6 75
56 0,6 66
57 0,6 68
58 0,6 63
59 0,6 68
60 0,6 53
61 0,6 53
62 0,6 51
63 0,6 47
64 0,6 51
65 0,6 55
66 0,6 63
67 0,6 59
68 0,6 59
69 0,6 72
70 0,6 57
71 0,6 59
72 0,6 57
73 0,6 60
74 0,6 55
75 0,6 54
76 0,6 52
77 0,6 53
78 0,6 53
79 0,6 56
80 0,6 58
81 0,6 62
82 0,6 61
83 0,6 64
84 0,6 66
85 0,6 75
86 0,6 68
87 0,6 76
88 0,6 75
89 0,6 80
90 0,6 77
91 0,6 80
92 0,6 76
93 0,6 77
94 0,6 81
95 0,6 86
96 0,6 80
97 0,6 79
98 0,6 83
99 0,6 78
100 0,6 75
101 0,6 76
102 0,6 83
103 0,6 79
104 0,6 89
105 0,6 81
106 0,6 85
107 0,6 93
108 0,6 93
109 0,6 88
110 0,6 76
111 0,6 79
112 0,6 76
113 0,6 70
114 0,6 74
115 0,6 75
116 0,6 79
117 0,6 91
118 0,6 94
119 0,6 92
120 0,6 96
121 0,6 100
122 0,6 103
123 0,6 107
124 0,6 114
125 0,6 103
126 0,6 117
127 0,6 113
128 0,6 130
129 0,6 123
130 0,6 125
131 0,6 138
132 0,6 142
133 0,6 119
134 0,6 109
135 0,6 101
136 0,6 92
137 0,6 96
138 0,6 85
139 0,6 89
140 0,6 84
141 0,6 84
142 0,6 95
143 0,6 83
144 0,6 91
145 0,6 84
146 0,6 97
147 0,6 94
148 0,6 120
149 0,6 114
150 0,6 133
151 0,6 115
152 0,6 150
153 0,6 124
154 0,6 138
155 0,6 104
156 0,6 113
157 0,6 101
158 0,6 105
159 0,6 99
160 0,6 90
161 0,6 90
162 0,6 85
163 0,6 80
164 0,6 77
165 0,6 81
166 0,6 68
167 0,6 69
168 0,6 79
169 0,6 78
170 0,6 93
171 0,6 85
172 0,6 97
173 0,6 87
174 0,6 98
175 0,6 94
176 0,6 106
177 0,6 98
178 0,6 108
179 0,6 106
180 0,6 121
181 0,6 109
182 0,6 127
183 0,6 102
184 0,6 103
185 0,6 113
186 0,6 114
187 0,6 101
188 0,6 113
189 0,6 119
190 0,6 109
191 0,6 124
192 0,6 116
193 0,6 102
194 0,6 104
195 0,6 98
196 0,6 106
197 0,6 112
198 0,6 118
199 0,6 130
200 0,6 122
201 0,6 123
202 0,6 107
203 0,6 151
204 0,6 116
205 0,6 126
206 0,6 114
207 0,6 129
208 0,6 151
209 0,6 153
210 0,6 170
211 0,6 140
212 0,6 115
213 0,6 128
214 0,6 120
215 0,6 139
216 0,6 129
217 0,6 135
218 0,6 142
219 0,6 154
220 0,6 154
221 0,6 156
222 0,6 161
223 0,6 161
224 0,6 160
225 0,6 153
226 0,6 128
227 0,6 128
228 0,6 129
229 0,6 143
230 0,6 138
231 0,6 158
232 0,6 163
233 0,6 156
234 0,6 152
235 0,6 149
236 0,6 163
237 0,6 177
238 0,6 184
239 0,6 198
240 0,6 163
241 0,6 173
242 0,6 164
243 0,6 169
244 0,6 165
245 0,6 170
246 0,6 147
247 0,6 155
248 0,6 161
249 0,6 169
250 0,6 166
251 0,6 162
252 0,6 162
253 0,6 154
254 0,6 144
255 0,6 162
256 0,6 145
257 0,6 139
258 0,6 152
259 0,6 138
260 0,6 146
261 0,6 135
262 0,6 149
263 0,6 144
264 0,6 148
265 0,6 175
266 0,6 147
267 0,6 170
268 0,6 168
269 0,6 174
270 0,6 179
271 0,6 189
272 0,6 206
273 0,6 172
274 0,6 191
275 0,6 151
276 0,6 161
277 0,6 149
278 0,6 153
279 0,6 151
280 0,6 161
281 0,6 142
282 0,6 170
283 0,6 149
284 0,6 138
285 0,6 145
286 0,6 149
287 0,6 157
288 0,6 129
289 0,6 142
290 0,6 130
291 0,6 140
292 0,6 122
293 0,6 104
294 0,6 104
295 0,6 106
296 0,6 122
297 0,6 118
298 0,6 141
299 0,6 124
300 0,6 126
301 0,6 140
302 0,6 143
303 0,6 164
304 0,6 163
305 0,6 154
306 0,6 170
307 0,6 182
308 0,6 189
309 0,6 188
310 0,6 174
311 0,6 180
312 0,6 177
313 0,6 199
314 0,6 178
315 0,6 170
316 0,6 190
317 0,6 183
318 0,6 165
319 0,6 167
320 0,6 179
321 0,6 157
322 0,6 182
323 0,6 159
324 0,6 174
325 0,6 157
326 0,6 157
327 0,6 163
328 0,6 172
329 0,6 171
330 0,6 216
331 0,6 180
332 0,6 205
333 0,6 186
334 0,6 181
335 0,6 184
336 0,6 175
337 0,6 194
338 0,6 194
339 0,6 186
340 0,6 181
341 0,6 170
342 0,6 190
343 0,6 188
344 0,6 186
345 0,6 167
346 0,6 163
347 0,6 162
348 0,6 163
349 0,6 174
350 0,6 167
351 0,6 163
352 0,6 148
353 0,6 142
354 0,6 139
355 0,6 142
356 0,6 149
357 0,6 139
358 0,6 129
359 0,6 130
360 0,6 116
361 0,6 115
362 0,6 110
363 0,6 120
364 0,6 135
365 0,6 135
366 0,6 151
367 0,6 123
368 0,6 122
369 0,6 135
370 0,6 133
371 0,6 127
372 0,6 125
373 0,6 144
374 0,6 137
375 0,6 156
376 0,6 138
377 0,6 147
378 0,6 133
379 0,6 136
380 0,6 139
381 0,6 117
382 0,6 123
383 0,6 111
384 0,6 123
385 0,6 119
386 0,6 110
387 0,6 92
388 0,6 107
389 0,6 80
390 0,6 69
391 0,6 72
392 0,6 65
393 0,6 69
394 0,6 67
395 0,6 76
396 0,6 79
397 0,6 60
398 0,6 55
399 0,6 58
400 0,6 55
401 0,6 59
402 0,6 61
403 0,6 59
404 0,6 57
405 0,6 60
406 0,6 63
407 0,6 70
408 0,6 55
409 0,6 54
410 0,6 55
411 0,6 57
412 0,6 51
413 0,6 55
414 0,6 51
415 0,6 54
416 0,6 50
417 0,6 51
418 0,6 52
419 0,6 59
420 0,6 53
421 0,6 59
422 0,6 53
423 0,6 54
424 0,6 56
425 0,6 54
426 0,6 65
427 0,6 55
428 0,6 64
429 0,6 63
430 0,6 66
431 0,6 79
432 0,6 63
433 0,6 69
434 0,6 63
435 0,6 59
436 0,6 58
437 0,6 55
438 0,6 67
439 0,6 63
440 0,6 63
441 0,6 58
442 0,6 68
443 0,6 64
444 0,6 83
445 0,6 61
446 0,6 56
447 0,6 56
448 0,6 58
449 0,6 53
450 0,6 60
451 0,6 55
452 0,6 58
453 0,6 59
454 0,6 65
455 0,6 60
456 0,6 63
457 0,6 62
458 0,6 77
459 0,6 67
460 0,6 74
461 0,6 64
462 0,6 70
463 0,6 76
464 0,6 76
465 0,6 78
466 0,6 72
467 0,6 75
468 0,6 71
469 0,6 70
470 0,6 66
471 0,6 69
472 0,6 72
473 0,6 67
474 0,6 64
475 0,6 66
476 0,6 68
477 0,6 76
478 0,6 66
479 0,6 67
480 0,6 63
481 0,6 77
482 0,6 64
483 0,6 68
484 0,6 65
485 0,6 59
486 0,6 64
487 0,6 68
488 0,6 67
489 0,6 72
490 0,6 76
491 0,6 92
492 0,6 69
493 0,6 63
494 0,6 69
495 0,6 77
496 0,6 72
497 0,6 80
498 0,6 80
499 0,6 80
500 0,6 79
501 0,6 77
502 0,6 85
503 0,6 79
504 0,6 85
505 0,6 82
506 0,6 89
507 0,6 72
508 0,6 63
509 0,6 67
510 0,6 67
511 0,6 71
512 0,6 72
513 0,6 79
514 0,6 90
515 0,6 85
516 0,6 98
517 0,6 104
518 0,6 87
519 0,6 105
520 0,6 90
521 0,6 109
522 0,6 99
523 0,6 117
524 0,6 115
525 0,6 138
526 0,6 125
527 0,6 129
528 0,6 133
529 0,6 137
530 0,6 137
531 0,6 130
532 0,6 139
533 0,6 144
534 0,6 116
535 0,6 114
536 0,6 123
537 0,6 117
538 0,6 112
539 0,6 120
540 0,6 112
541 0,6 111
542 0,6 106
543 0,6 104
544 0,6 105
545 0,6 117
546 0,6 113
547 0,6 115
548 0,6 110
549 0,6 124
550 0,6 113
551 0,6 124
552 0,6 120
553 0,6 116
554 0,6 128
555 0,6 114
556 0,6 118
557 0,6 115
558 0,6 130
559 0,6 124
560 0,6 120
561 0,6 103
562 0,6 99
563 0,6 103
564 0,6 116
565 0,6 122
566 0,6 130
567 0,6 122
568 0,6 128
569 0,6 123
570 0,6 124
571 0,6 122
572 0,6 112
573 0,6 118
574 0,6 131
575 0,6 115
576 0,6 133
577 0,6 108
578 0,6 107
579 0,6 97
580 0,6 96
581 0,6 92
582 0,6 97
583 0,6 104
584 0,6 97
585 0,6 101
586 0,6 89
587 0,6 96
588 0,6 89
589 0,6 92
590 0,6 85
591 0,6 92
592 0,6 81
593 0,6 87
594 0,6 78
595 0,6 80
596 0,6 78
597 0,6 79
598 0,6 93
599 0,6 82
0 0,7 658
1 0,7 85
2 0,7 51
3 0,7 48
4 0,7 39
5 0,7 35
6 0,7 34
7 0,7 36
8 0,7 37
9 0,7 41
10 0,7 40
11 0,7 29
12 0,7 28
13 0,7 28
14 0,7 28
15 0,7 27
16 0,7 26
17 0,7 26
18 0,7 26
19 0,7 25
20 0,7 26
21 0,7 29
22 0,7 28
23 0,7 35
24 0,7 28
25 0,7 28
26 0,7 27
27 0,7 30
28 0,7 33
29 0,7 36
30 0,7 36
31 0,7 40
32 0,7 42
33 0,7 52
34 0,7 42
35 0,7 49
36 0,7 44
37 0,7 54
38 0,7 47
39 0,7 63
40 0,7 56
41 0,7 62
42 0,7 47
43 0,7 48
44 0,7 46
45 0,7 44
46 0,7 49
47 0,7 49
48 0,7 56
49 0,7 51
50 0,7 47
51 0,7 55
52 0,7 48
53 0,7 50
54 0,7 51
55 0,7 51
56 0,7 48
57 0,7 45
58 0,7 53
59 0,7 52
60 0,7 53
61 0,7 58
62 0,7 45
63 0,7 41
64 0,7 37
65 0,7 37
66 0,7 36
67 0,7 38
68 0,7 34
69 0,7 34
70 0,7 32
71 0,7 32
72 0,7 38
73 0,7 30
74 0,7 28
75 0,7 24
76 0,7 24
77 0,7 24
78 0,7 24
79 0,7 24
80 0,7 24
81 0,7 24
82 0,7 24
83 0,7 24
84 0,7 24
85 0,7 24
86 0,7 24
87 0,7 24
88 0,7 24
89 0,7 24
90 0,7 24
91 0,7 24
92 0,7 24
93 0,7 24
94 0,7 24
95 0,7 24
96 0,7 24
97 0,7 24
98 0,7 24
99 0,7 24
100 0,7 24
101 0,7 24
102 0,7 24
103 0,7 24
104 0,7 24
105 0,7 24
106 0,7 24
107 0,7 24
108 0,7 24
109 0,7 24
110 0,7 24
111 0,7 24
112 0,7 24
113 0,7 24
114 0,7 24
115 0,7 24
116 0,7 24
117 0,7 24
118 0,7 24
119 0,7 24
120 0,7 24
121 0,7 24
122 0,7 24
123 0,7 24
124 0,7 24
125 0,7 24
126 0,7 24
127 0,7 24
128 0,7 24
129 0,7 24
130 0,7 24
131 0,7 24
132 0,7 24
133 0,7 24
134 0,7 24
135 0,7 24
136 0,7 24
137 0,7 24
138 0,7 24
139 0,7 24
140 0,7 24
141 0,7 24
142 0,7 24
143 0,7 24
144 0,7 24
145 0,7 24
146 0,7 24
147 0,7 24
148 0,7 24
149 0,7 24
150 0,7 24
151 0,7 24
152 0,7 24
153 0,7 24
154 0,7 24
155 0,7 24
156 0,7 24
157 0,7 24
158 0,7 24
159 0,7 24
160 0,7 24
161 0,7 24
162 0,7 24
163 0,7 24
164 0,7 24
165 0,7 24
166 0,7 24
167 0,7 24
168 0,7 24
169 0,7 24
170 0,7 24
171 0,7 24
172 0,7 24
173 0,7 24
174 0,7 24
175 0,7 24
176 0,7 24
177 0,7 24
178 0,7 24
179 0,7 24
180 0,7 24
181 0,7 24
182 0,7 24
183 0,7 24
184 0,7 24
185 0,7 24
186 0,7 24
187 0,7 24
188 0,7 24
189 0,7 24
190 0,7 24
191 0,7 24
192 0,7 24
193 0,7 24
194 0,7 24
195 0,7 24
196 0,7 24
197 0,7 24
198 0,7 24
199 0,7 24
200 0,7 24
201 0,7 24
202 0,7 24
203 0,7 24
204 0,7 24
205 0,7 24
206 0,7 24
207 0,7 24
208 0,7 24
209 0,7 24
210 0,7 24
211 0,7 24
212 0,7 24
213 0,7 24
214 0,7 24
215 0,7 24
216 0,7 24
217 0,7 24
218 0,7 24
219 0,7 24
220 0,7 24
221 0,7 24
222 0,7 24
223 0,7 24
224 0,7 24
225 0,7 24
226 0,7 24
227 0,7 24
228 0,7 24
229 0,7 24
230 0,7 24
231 0,7 24
232 0,7 24
233 0,7 24
234 0,7 24
235 0,7 24
236 0,7 24
237 0,7 24
238 0,7 24
239 0,7 24
240 0,7 24
241 0,7 24
242 0,7 24
243 0,7 24
244 0,7 24
245 0,7 24
246 0,7 24
247 0,7 24
248 0,7 24
249 0,7 24
250 0,7 24
251 0,7 24
252 0,7 24
253 0,7 24
254 0,7 24
255 0,7 24
256 0,7 24
257 0,7 24
258 0,7 24
259 0,7 24
260 0,7 24
261 0,7 24
262 0,7 24
263 0,7 24
264 0,7 24
265 0,7 24
266 0,7 24
267 0,7 24
268 0,7 24
269 0,7 24
270 0,7 24
271 0,7 24
272 0,7 24
273 0,7 24
274 0,7 24
275 0,7 24
276 0,7 24
277 0,7 24
278 0,7 24
279 0,7 24
280 0,7 24
281 0,7 24
282 0,7 24
283 0,7 24
284 0,7 24
285 0,7 24
286 0,7 24
287 0,7 24
288 0,7 24
289 0,7 24
290 0,7 24
291 0,7 24
292 0,7 24
293 0,7 24
294 0,7 24
295 0,7 24
296 0,7 24
297 0,7 24
298 0,7 24
299 0,7 24
300 0,7 24
301 0,7 24
302 0,7 24
303 0,7 24
304 0,7 24
305 0,7 24
306 0,7 24
307 0,7 24
308 0,7 24
309 0,7 24
310 0,7 24
311 0,7 24
312 0,7 24
313 0,7 24
314 0,7 24
315 0,7 24
316 0,7 24
317 0,7 24
318 0,7 24
319 0,7 24
320 0,7 24
321 0,7 24
322 0,7 24
323 0,7 24
324 0,7 24
325 0,7 24
326 0,7 24
327 0,7 24
328 0,7 24
329 0,7 24
330 0,7 24
331 0,7 24
332 0,7 24
333 0,7 24
334 0,7 24
335 0,7 24
336 0,7 24
337 0,7 24
338 0,7 24
339 0,7 24
340 0,7 24
341 0,7 24
342 0,7 24
343 0,7 24
344 0,7 24
345 0,7 24
346 0,7 24
347 0,7 24
348 0,7 24
349 0,7 24
350 0,7 24
351 0,7 24
352 0,7 24
353 0,7 24
354 0,7 24
355 0,7 24
356 0,7 24
357 0,7 24
358 0,7 24
359 0,7 24
360 0,7 24
361 0,7 24
362 0,7 24
363 0,7 24
364 0,7 24
365 0,7 24
366 0,7 24
367 0,7 24
368 0,7 24
369 0,7 24
370 0,7 24
371 0,7 24
372 0,7 24
373 0,7 24
374 0,7 24
375 0,7 24
376 0,7 24
377 0,7 24
378 0,7 24
379 0,7 24
380 0,7 24
381 0,7 24
382 0,7 24
383 0,7 24
384 0,7 24
385 0,7 24
386 0,7 24
387 0,7 24
388 0,7 24
389 0,7 24
390 0,7 24
391 0,7 24
392 0,7 24
393 0,7 24
394 0,7 24
395 0,7 24
396 0,7 24
397 0,7 24
398 0,7 24
399 0,7 24
400 0,7 24
401 0,7 24
402 0,7 24
403 0,7 24
404 0,7 24
405 0,7 24
406 0,7 24
407 0,7 24
408 0,7 24
409 0,7 24
410 0,7 24
411 0,7 24
412 0,7 24
413 0,7 24
414 0,7 24
415 0,7 24
416 0,7 24
417 0,7 24
418 0,7 24
419 0,7 24
420 0,7 24
421 0,7 24
422 0,7 24
423 0,7 24
424 0,7 24
425 0,7 24
426 0,7 24
427 0,7 24
428 0,7 24
429 0,7 24
430 0,7 24
431 0,7 24
432 0,7 24
433 0,7 24
434 0,7 24
435 0,7 24
436 0,7 24
437 0,7 24
438 0,7 24
439 0,7 24
440 0,7 24
441 0,7 24
442 0,7 24
443 0,7 24
444 0,7 24
445 0,7 24
446 0,7 24
447 0,7 24
448 0,7 24
449 0,7 24
450 0,7 24
451 0,7 24
452 0,7 24
453 0,7 24
454 0,7 24
455 0,7 24
456 0,7 24
457 0,7 24
458 0,7 24
459 0,7 24
460 0,7 24
461 0,7 24
462 0,7 24
463 0,7 24
464 0,7 24
465 0,7 24
466 0,7 24
467 0,7 24
468 0,7 24
469 0,7 24
470 0,7 24
471 0,7 24
472 0,7 24
473 0,7 24
474 0,7 24
475 0,7 24
476 0,7 24
477 0,7 24
478 0,7 24
479 0,7 24
480 0,7 24
481 0,7 24
482 0,7 24
483 0,7 24
484 0,7 24
485 0,7 24
486 0,7 24
487 0,7 24
488 0,7 24
489 0,7 24
490 0,7 24
491 0,7 24
492 0,7 24
493 0,7 24
494 0,7 24
495 0,7 24
496 0,7 24
497 0,7 24
498 0,7 24
499 0,7 24
500 0,7 24
501 0,7 24
502 0,7 24
503 0,7 24
504 0,7 24
505 0,7 24
506 0,7 24
507 0,7 24
508 0,7 24
509 0,7 24
510 0,7 24
511 0,7 24
512 0,7 24
513 0,7 24
514 0,7 24
515 0,7 24
516 0,7 24
517 0,7 24
518 0,7 24
519 0,7 24
520 0,7 24
521 0,7 24
522 0,7 24
523 0,7 24
524 0,7 24
525 0,7 24
526 0,7 24
527 0,7 24
528 0,7 24
529 0,7 24
530 0,7 24
531 0,7 24
532 0,7 24
533 0,7 24
534 0,7 24
535 0,7 24
536 0,7 24
537 0,7 24
538 0,7 24
539 0,7 24
540 0,7 24
541 0,7 24
542 0,7 24
543 0,7 24
544 0,7 24
545 0,7 24
546 0,7 24
547 0,7 24
548 0,7 24
549 0,7 24
550 0,7 24
551 0,7 24
552 0,7 24
553 0,7 24
554 0,7 24
555 0,7 24
556 0,7 24
557 0,7 24
558 0,7 24
559 0,7 24
560 0,7 24
561 0,7 24
562 0,7 24
563 0,7 24
564 0,7 24
565 0,7 24
566 0,7 24
567 0,7 24
568 0,7 24
569 0,7 24
570 0,7 24
571 0,7 24
572 0,7 24
573 0,7 24
574 0,7 24
575 0,7 24
576 0,7 24
577 0,7 24
578 0,7 24
579 0,7 24
580 0,7 24
581 0,7 24
582 0,7 24
583 0,7 24
584 0,7 24
585 0,7 24
586 0,7 24
587 0,7 24
588 0,7 24
589 0,7 24
590 0,7 24
591 0,7 24
592 0,7 24
593 0,7 24
594 0,7 24
595 0,7 24
596 0,7 24
597 0,7 24
598 0,7 24
599 0,7 24
0 0,8 800
1 0,8 15
2 0,8 9
3 0,8 9
4 0,8 9
5 0,8 9
6 0,8 9
7 0,8 9
8 0,8 9
9 0,8 9
10 0,8 9
11 0,8 9
12 0,8 9
13 0,8 9
14 0,8 9
15 0,8 9
16 0,8 9
17 0,8 9
18 0,8 9
19 0,8 9
20 0,8 9
21 0,8 9
22 0,8 9
23 0,8 9
24 0,8 9
25 0,8 9
26 0,8 9
27 0,8 9
28 0,8 9
29 0,8 9
30 0,8 9
31 0,8 9
32 0,8 9
33 0,8 9
34 0,8 9
35 0,8 9
36 0,8 9
37 0,8 9
38 0,8 9
39 0,8 9
40 0,8 9
41 0,8 9
42 0,8 9
43 0,8 9
44 0,8 9
45 0,8 9
46 0,8 9
47 0,8 9
48 0,8 9
49 0,8 9
50 0,8 9
51 0,8 9
52 0,8 9
53 0,8 9
54 0,8 9
55 0,8 9
56 0,8 9
57 0,8 9
58 0,8 9
59 0,8 9
60 0,8 9
61 0,8 9
62 0,8 9
63 0,8 9
64 0,8 9
65 0,8 9
66 0,8 9
67 0,8 9
68 0,8 9
69 0,8 9
70 0,8 9
71 0,8 9
72 0,8 9
73 0,8 9
74 0,8 9
75 0,8 9
76 0,8 9
77 0,8 9
78 0,8 9
79 0,8 9
80 0,8 9
81 0,8 9
82 0,8 9
83 0,8 9
84 0,8 9
85 0,8 9
86 0,8 9
87 0,8 9
88 0,8 9
89 0,8 9
90 0,8 9
91 0,8 9
92 0,8 9
93 0,8 9
94 0,8 9
95 0,8 9
96 0,8 9
97 0,8 9
98 0,8 9
99 0,8 9
100 0,8 10
101 0,8 10
102 0,8 11
103 0,8 10
104 0,8 11
105 0,8 7
106 0,8 4
107 0,8 4
108 0,8 4
109 0,8 4
110 0,8 4
111 0,8 4
112 0,8 4
113 0,8 4
114 0,8 4
115 0,8 4
116 0,8 4
117 0,8 4
118 0,8 4
119 0,8 4
120 0,8 4
121 0,8 4
122 0,8 4
123 0,8 4
124 0,8 4
125 0,8 4
126 0,8 4
127 0,8 4
128 0,8 4
129 0,8 4
130 0,8 4
131 0,8 4
132 0,8 4
133 0,8 4
134 0,8 4
135 0,8 4
136 0,8 4
137 0,8 4
138 0,8 4
139 0,8 4
140 0,8 4
141 0,8 4
142 0,8 4
143 0,8 4
144 0,8 4
145 0,8 4
146 0,8 4
147 0,8 4
148 0,8 4
149 0,8 4
150 0,8 4
151 0,8 4
152 0,8 4
153 0,8 4
154 0,8 4
155 0,8 4
156 0,8 4
157 0,8 4
158 0,8 4
159 0,8 4
160 0,8 4
161 0,8 4
162 0,8 4
163 0,8 4
164 0,8 4
165 0,8 4
166 0,8 4
167 0,8 4
168 0,8 4
169 0,8 4
170 0,8 4
171 0,8 4
172 0,8 4
173 0,8 4
174 0,8 4
175 0,8 4
176 0,8 4
177 0,8 4
178 0,8 4
179 0,8 4
180 0,8 4
181 0,8 4
182 0,8 4
183 0,8 4
184 0,8 4
185 0,8 4
186 0,8 4
187 0,8 4
188 0,8 4
189 0,8 4
190 0,8 4
191 0,8 4
192 0,8 4
193 0,8 4
194 0,8 4
195 0,8 4
196 0,8 4
197 0,8 4
198 0,8 4
199 0,8 4
200 0,8 4
201 0,8 4
202 0,8 4
203 0,8 4
204 0,8 4
205 0,8 4
206 0,8 4
207 0,8 4
208 0,8 4
209 0,8 4
210 0,8 4
211 0,8 4
212 0,8 4
213 0,8 4
214 0,8 4
215 0,8 4
216 0,8 4
217 0,8 4
218 0,8 4
219 0,8 4
220 0,8 4
221 0,8 4
222 0,8 4
223 0,8 4
224 0,8 4
225 0,8 4
226 0,8 4
227 0,8 4
228 0,8 4
229 0,8 4
230 0,8 4
231 0,8 4
232 0,8 4
233 0,8 4
234 0,8 4
235 0,8 4
236 0,8 4
237 0,8 4
238 0,8 4
239 0,8 4
240 0,8 4
241 0,8 4
242 0,8 4
243 0,8 4
244 0,8 4
245 0,8 4
246 0,8 4
247 0,8 4
248 0,8 4
249 0,8 4
250 0,8 4
251 0,8 4
252 0,8 4
253 0,8 4
254 0,8 4
255 0,8 4
256 0,8 4
257 0,8 4
258 0,8 4
259 0,8 4
260 0,8 4
261 0,8 4
262 0,8 4
263 0,8 4
264 0,8 4
265 0,8 4
266 0,8 4
267 0,8 4
268 0,8 4
269 0,8 4
270 0,8 4
271 0,8 4
272 0,8 4
273 0,8 4
274 0,8 4
275 0,8 4
276 0,8 4
277 0,8 4
278 0,8 4
279 0,8 4
280 0,8 4
281 0,8 4
282 0,8 4
283 0,8 4
284 0,8 4
285 0,8 4
286 0,8 4
287 0,8 4
288 0,8 4
289 0,8 4
290 0,8 4
291 0,8 4
292 0,8 4
293 0,8 4
294 0,8 4
295 0,8 4
296 0,8 4
297 0,8 4
298 0,8 4
299 0,8 4
300 0,8 4
301 0,8 4
302 0,8 4
303 0,8 4
304 0,8 4
305 0,8 4
306 0,8 4
307 0,8 4
308 0,8 4
309 0,8 4
310 0,8 4
311 0,8 4
312 0,8 4
313 0,8 4
314 0,8 4
315 0,8 4
316 0,8 4
317 0,8 4
318 0,8 4
319 0,8 4
320 0,8 4
321 0,8 4
322 0,8 4
323 0,8 4
324 0,8 4
325 0,8 4
326 0,8 4
327 0,8 4
328 0,8 4
329 0,8 4
330 0,8 4
331 0,8 4
332 0,8 4
333 0,8 4
334 0,8 4
335 0,8 4
336 0,8 4
337 0,8 4
338 0,8 4
339 0,8 4
340 0,8 4
341 0,8 4
342 0,8 4
343 0,8 4
344 0,8 4
345 0,8 4
346 0,8 4
347 0,8 4
348 0,8 4
349 0,8 4
350 0,8 4
351 0,8 4
352 0,8 4
353 0,8 4
354 0,8 4
355 0,8 4
356 0,8 4
357 0,8 4
358 0,8 4
359 0,8 4
360 0,8 4
361 0,8 4
362 0,8 4
363 0,8 4
364 0,8 4
365 0,8 4
366 0,8 4
367 0,8 4
368 0,8 4
369 0,8 4
370 0,8 4
371 0,8 4
372 0,8 4
373 0,8 4
374 0,8 4
375 0,8 4
376 0,8 4
377 0,8 4
378 0,8 4
379 0,8 4
380 0,8 4
381 0,8 4
382 0,8 4
383 0,8 4
384 0,8 4
385 0,8 4
386 0,8 4
387 0,8 4
388 0,8 4
389 0,8 4
390 0,8 4
391 0,8 4
392 0,8 4
393 0,8 4
394 0,8 4
395 0,8 4
396 0,8 4
397 0,8 4
398 0,8 4
399 0,8 4
400 0,8 4
401 0,8 4
402 0,8 4
403 0,8 4
404 0,8 4
405 0,8 4
406 0,8 4
407 0,8 4
408 0,8 4
409 0,8 4
410 0,8 4
411 0,8 4
412 0,8 4
413 0,8 4
414 0,8 4
415 0,8 4
416 0,8 4
417 0,8 4
418 0,8 4
419 0,8 4
420 0,8 4
421 0,8 4
422 0,8 4
423 0,8 4
424 0,8 4
425 0,8 4
426 0,8 4
427 0,8 4
428 0,8 4
429 0,8 4
430 0,8 4
431 0,8 4
432 0,8 4
433 0,8 4
434 0,8 4
435 0,8 4
436 0,8 4
437 0,8 4
438 0,8 4
439 0,8 4
440 0,8 4
441 0,8 4
442 0,8 4
443 0,8 4
444 0,8 4
445 0,8 4
446 0,8 4
447 0,8 4
448 0,8 4
449 0,8 4
450 0,8 4
451 0,8 4
452 0,8 4
453 0,8 4
454 0,8 4
455 0,8 4
456 0,8 4
457 0,8 4
458 0,8 4
459 0,8 4
460 0,8 4
461 0,8 4
462 0,8 4
463 0,8 4
464 0,8 4
465 0,8 4
466 0,8 4
467 0,8 4
468 0,8 4
469 0,8 4
470 0,8 4
471 0,8 4
472 0,8 4
473 0,8 4
474 0,8 4
475 0,8 4
476 0,8 4
477 0,8 4
478 0,8 4
479 0,8 4
480 0,8 4
481 0,8 4
482 0,8 4
483 0,8 4
484 0,8 4
485 0,8 4
486 0,8 4
487 0,8 4
488 0,8 4
489 0,8 4
490 0,8 4
491 0,8 4
492 0,8 4
493 0,8 4
494 0,8 4
495 0,8 4
496 0,8 4
497 0,8 4
498 0,8 4
499 0,8 4
500 0,8 4
501 0,8 4
502 0,8 4
503 0,8 4
504 0,8 4
505 0,8 4
506 0,8 4
507 0,8 4
508 0,8 4
509 0,8 4
510 0,8 4
511 0,8 4
512 0,8 4
513 0,8 4
514 0,8 4
515 0,8 4
516 0,8 4
517 0,8 4
518 0,8 4
519 0,8 4
520 0,8 4
521 0,8 4
522 0,8 4
523 0,8 4
524 0,8 4
525 0,8 4
526 0,8 4
527 0,8 4
528 0,8 4
529 0,8 4
530 0,8 4
531 0,8 4
532 0,8 4
533 0,8 4
534 0,8 4
535 0,8 4
536 0,8 4
537 0,8 4
538 0,8 4
539 0,8 4
540 0,8 4
541 0,8 4
542 0,8 4
543 0,8 4
544 0,8 4
545 0,8 4
546 0,8 4
547 0,8 4
548 0,8 4
549 0,8 4
550 0,8 4
551 0,8 4
552 0,8 4
553 0,8 4
554 0,8 4
555 0,8 4
556 0,8 4
557 0,8 4
558 0,8 4
559 0,8 4
560 0,8 4
561 0,8 4
562 0,8 4
563 0,8 4
564 0,8 4
565 0,8 4
566 0,8 4
567 0,8 4
568 0,8 4
569 0,8 4
570 0,8 4
571 0,8 4
572 0,8 4
573 0,8 4
574 0,8 4
575 0,8 4
576 0,8 4
577 0,8 4
578 0,8 4
579 0,8 4
580 0,8 4
581 0,8 4
582 0,8 4
583 0,8 4
584 0,8 4
585 0,8 4
586 0,8 4
587 0,8 4
588 0,8 4
589 0,8 4
590 0,8 4
591 0,8 4
592 0,8 4
593 0,8 4
594 0,8 4
595 0,8 4
596 0,8 4
597 0,8 4
598 0,8 4
599 0,8 4
0 0,9 905
1 0,9 0
2 0,9 0
3 0,9 0
4 0,9 0
5 0,9 0
6 0,9 0
7 0,9 0
8 0,9 0
9 0,9 0
10 0,9 0
11 0,9 0
12 0,9 0
13 0,9 0
14 0,9 0
15 0,9 0
16 0,9 0
17 0,9 0
18 0,9 0
19 0,9 0
20 0,9 0
21 0,9 0
22 0,9 0
23 0,9 0
24 0,9 0
25 0,9 0
26 0,9 0
27 0,9 0
28 0,9 0
29 0,9 0
30 0,9 0
31 0,9 0
32 0,9 0
33 0,9 0
34 0,9 0
35 0,9 0
36 0,9 0
37 0,9 0
38 0,9 0
39 0,9 0
40 0,9 0
41 0,9 0
42 0,9 0
43 0,9 0
44 0,9 0
45 0,9 0
46 0,9 0
47 0,9 0
48 0,9 0
49 0,9 0
50 0,9 0
51 0,9 0
52 0,9 0
53 0,9 0
54 0,9 0
55 0,9 0
56 0,9 0
57 0,9 0
58 0,9 0
59 0,9 0
60 0,9 0
61 0,9 0
62 0,9 0
63 0,9 0
64 0,9 0
65 0,9 0
66 0,9 0
67 0,9 0
68 0,9 0
69 0,9 0
70 0,9 0
71 0,9 0
72 0,9 0
73 0,9 0
74 0,9 0
75 0,9 0
76 0,9 0
77 0,9 0
78 0,9 0
79 0,9 0
80 0,9 0
81 0,9 0
82 0,9 0
83 0,9 0
84 0,9 0
85 0,9 0
86 0,9 0
87 0,9 0
88 0,9 0
89 0,9 0
90 0,9 0
91 0,9 0
92 0,9 0
93 0,9 0
94 0,9 0
95 0,9 0
96 0,9 0
97 0,9 0
98 0,9 0
99 0,9 0
100 0,9 0
101 0,9 0
102 0,9 0
103 0,9 0
104 0,9 0
105 0,9 0
106 0,9 0
107 0,9 0
108 0,9 0
109 0,9 0
110 0,9 0
111 0,9 0
112 0,9 0
113 0,9 0
114 0,9 0
115 0,9 0
116 0,9 0
117 0,9 0
118 0,9 0
119 0,9 0
120 0,9 0
121 0,9 0
122 0,9 0
123 0,9 0
124 0,9 0
125 0,9 0
126 0,9 0
127 0,9 0
128 0,9 0
129 0,9 0
130 0,9 0
131 0,9 0
132 0,9 0
133 0,9 0
134 0,9 0
135 0,9 0
136 0,9 0
137 0,9 0
138 0,9 0
139 0,9 0
140 0,9 0
141 0,9 0
142 0,9 0
143 0,9 0
144 0,9 0
145 0,9 0
146 0,9 0
147 0,9 0
148 0,9 0
149 0,9 0
150 0,9 0
151 0,9 0
152 0,9 0
153 0,9 0
154 0,9 0
155 0,9 0
156 0,9 0
157 0,9 0
158 0,9 0
159 0,9 0
160 0,9 0
161 0,9 0
162 0,9 0
163 0,9 0
164 0,9 0
165 0,9 0
166 0,9 0
167 0,9 0
168 0,9 0
169 0,9 0
170 0,9 0
171 0,9 0
172 0,9 0
173 0,9 0
174 0,9 0
175 0,9 0
176 0,9 0
177 0,9 0
178 0,9 0
179 0,9 0
180 0,9 0
181 0,9 0
182 0,9 0
183 0,9 0
184 0,9 0
185 0,9 0
186 0,9 0
187 0,9 0
188 0,9 0
189 0,9 0
190 0,9 0
191 0,9 0
192 0,9 0
193 0,9 0
194 0,9 0
195 0,9 0
196 0,9 0
197 0,9 0
198 0,9 0
199 0,9 0
200 0,9 0
201 0,9 0
202 0,9 0
203 0,9 0
204 0,9 0
205 0,9 0
206 0,9 0
207 0,9 0
208 0,9 0
209 0,9 0
210 0,9 0
211 0,9 0
212 0,9 0
213 0,9 0
214 0,9 0
215 0,9 0
216 0,9 0
217 0,9 0
218 0,9 0
219 0,9 0
220 0,9 0
221 0,9 0
222 0,9 0
223 0,9 0
224 0,9 0
225 0,9 0
226 0,9 0
227 0,9 0
228 0,9 0
229 0,9 0
230 0,9 0
231 0,9 0
232 0,9 0
233 0,9 0
234 0,9 0
235 0,9 0
236 0,9 0
237 0,9 0
238 0,9 0
239 0,9 0
240 0,9 0
241 0,9 0
242 0,9 0
243 0,9 0
244 0,9 0
245 0,9 0
246 0,9 0
247 0,9 0
248 0,9 0
249 0,9 0
250 0,9 0
251 0,9 0
252 0,9 0
253 0,9 0
254 0,9 0
255 0,9 0
256 0,9 0
257 0,9 0
258 0,9 0
259 0,9 0
260 0,9 0
261 0,9 0
262 0,9 0
263 0,9 0
264 0,9 0
265 0,9 0
266 0,9 0
267 0,9 0
268 0,9 0
269 0,9 0
270 0,9 0
271 0,9 0
272 0,9 0
273 0,9 0
274 0,9 0
275 0,9 0
276 0,9 0
277 0,9 0
278 0,9 0
279 0,9 0
280 0,9 0
281 0,9 0
282 0,9 0
283 0,9 0
284 0,9 0
285 0,9 0
286 0,9 0
287 0,9 0
288 0,9 0
289 0,9 0
290 0,9 0
291 0,9 0
292 0,9 0
293 0,9 0
294 0,9 0
295 0,9 0
296 0,9 0
297 0,9 0
298 0,9 0
299 0,9 0
300 0,9 0
301 0,9 0
302 0,9 0
303 0,9 0
304 0,9 0
305 0,9 0
306 0,9 0
307 0,9 0
308 0,9 0
309 0,9 0
310 0,9 0
311 0,9 0
312 0,9 0
313 0,9 0
314 0,9 0
315 0,9 0
316 0,9 0
317 0,9 0
318 0,9 0
319 0,9 0
320 0,9 0
321 0,9 0
322 0,9 0
323 0,9 0
324 0,9 0
325 0,9 0
326 0,9 0
327 0,9 0
328 0,9 0
329 0,9 0
330 0,9 0
331 0,9 0
332 0,9 0
333 0,9 0
334 0,9 0
335 0,9 0
336 0,9 0
337 0,9 0
338 0,9 0
339 0,9 0
340 0,9 0
341 0,9 0
342 0,9 0
343 0,9 0
344 0,9 0
345 0,9 0
346 0,9 0
347 0,9 0
348 0,9 0
349 0,9 0
350 0,9 0
351 0,9 0
352 0,9 0
353 0,9 0
354 0,9 0
355 0,9 0
356 0,9 0
357 0,9 0
358 0,9 0
359 0,9 0
360 0,9 0
361 0,9 0
362 0,9 0
363 0,9 0
364 0,9 0
365 0,9 0
366 0,9 0
367 0,9 0
368 0,9 0
369 0,9 0
370 0,9 0
371 0,9 0
372 0,9 0
373 0,9 0
374 0,9 0
375 0,9 0
376 0,9 0
377 0,9 0
378 0,9 0
379 0,9 0
380 0,9 0
381 0,9 0
382 0,9 0
383 0,9 0
384 0,9 0
385 0,9 0
386 0,9 0
387 0,9 0
388 0,9 0
389 0,9 0
390 0,9 0
391 0,9 0
392 0,9 0
393 0,9 0
394 0,9 0
395 0,9 0
396 0,9 0
397 0,9 0
398 0,9 0
399 0,9 0
400 0,9 0
401 0,9 0
402 0,9 0
403 0,9 0
404 0,9 0
405 0,9 0
406 0,9 0
407 0,9 0
408 0,9 0
409 0,9 0
410 0,9 0
411 0,9 0
412 0,9 0
413 0,9 0
414 0,9 0
415 0,9 0
416 0,9 0
417 0,9 0
418 0,9 0
419 0,9 0
420 0,9 0
421 0,9 0
422 0,9 0
423 0,9 0
424 0,9 0
425 0,9 0
426 0,9 0
427 0,9 0
428 0,9 0
429 0,9 0
430 0,9 0
431 0,9 0
432 0,9 0
433 0,9 0
434 0,9 0
435 0,9 0
436 0,9 0
437 0,9 0
438 0,9 0
439 0,9 0
440 0,9 0
441 0,9 0
442 0,9 0
443 0,9 0
444 0,9 0
445 0,9 0
446 0,9 0
447 0,9 0
448 0,9 0
449 0,9 0
450 0,9 0
451 0,9 0
452 0,9 0
453 0,9 0
454 0,9 0
455 0,9 0
456 0,9 0
457 0,9 0
458 0,9 0
459 0,9 0
460 0,9 0
461 0,9 0
462 0,9 0
463 0,9 0
464 0,9 0
465 0,9 0
466 0,9 0
467 0,9 0
468 0,9 0
469 0,9 0
470 0,9 0
471 0,9 0
472 0,9 0
473 0,9 0
474 0,9 0
475 0,9 0
476 0,9 0
477 0,9 0
478 0,9 0
479 0,9 0
480 0,9 0
481 0,9 0
482 0,9 0
483 0,9 0
484 0,9 0
485 0,9 0
486 0,9 0
487 0,9 0
488 0,9 0
489 0,9 0
490 0,9 0
491 0,9 0
492 0,9 0
493 0,9 0
494 0,9 0
495 0,9 0
496 0,9 0
497 0,9 0
498 0,9 0
499 0,9 0
500 0,9 0
501 0,9 0
502 0,9 0
503 0,9 0
504 0,9 0
505 0,9 0
506 0,9 0
507 0,9 0
508 0,9 0
509 0,9 0
510 0,9 0
511 0,9 0
512 0,9 0
513 0,9 0
514 0,9 0
515 0,9 0
516 0,9 0
517 0,9 0
518 0,9 0
519 0,9 0
520 0,9 0
521 0,9 0
522 0,9 0
523 0,9 0
524 0,9 0
525 0,9 0
526 0,9 0
527 0,9 0
528 0,9 0
529 0,9 0
530 0,9 0
531 0,9 0
532 0,9 0
533 0,9 0
534 0,9 0
535 0,9 0
536 0,9 0
537 0,9 0
538 0,9 0
539 0,9 0
540 0,9 0
541 0,9 0
542 0,9 0
543 0,9 0
544 0,9 0
545 0,9 0
546 0,9 0
547 0,9 0
548 0,9 0
549 0,9 0
550 0,9 0
551 0,9 0
552 0,9 0
553 0,9 0
554 0,9 0
555 0,9 0
556 0,9 0
557 0,9 0
558 0,9 0
559 0,9 0
560 0,9 0
561 0,9 0
562 0,9 0
563 0,9 0
564 0,9 0
565 0,9 0
566 0,9 0
567 0,9 0
568 0,9 0
569 0,9 0
570 0,9 0
571 0,9 0
572 0,9 0
573 0,9 0
574 0,9 0
575 0,9 0
576 0,9 0
577 0,9 0
578 0,9 0
579 0,9 0
580 0,9 0
581 0,9 0
582 0,9 0
583 0,9 0
584 0,9 0
585 0,9 0
586 0,9 0
587 0,9 0
588 0,9 0
589 0,9 0
590 0,9 0
591 0,9 0
592 0,9 0
593 0,9 0
594 0,9 0
595 0,9 0
596 0,9 0
597 0,9 0
598 0,9 0
599 0,9 0
